-9.9999711129807556e-01  7.4133382836920588e-06
-9.9998477963291743e-01  1.7256769798073734e-05
-9.9996259414836031e-01  2.7114606529411600e-05
-9.9993055013550092e-01  3.6973442042489140e-05
-9.9988864730670124e-01  4.6832167072388769e-05
-9.9983688593096998e-01  5.6690506511582501e-05
-9.9977526647063397e-01  6.6548315918449631e-05
-9.9970378951362293e-01  7.6405482096556575e-05
-9.9962245575547060e-01  8.6261901327175960e-05
-9.9953126599332398e-01  9.6117473548564797e-05
-9.9943022112360813e-01  1.0597210009740430e-04
-9.9931932214100083e-01  1.1582568303704336e-04
-9.9919857013793689e-01  1.2567812476483068e-04
-9.9906796630434758e-01  1.3552932786837460e-04
-9.9892751192751317e-01  1.4537919504383536e-04
-9.9877720839197148e-01  1.5522762907843203e-04
-9.9861705717945881e-01  1.6507453279325884e-04
-9.9844705986886573e-01  1.7491980905355597e-04
-9.9826721813620378e-01  1.8476336075246160e-04
-9.9807753375457664e-01  1.9460509081098556e-04
-9.9787800859415454e-01  2.0444490216925607e-04
-9.9766864462214999e-01  2.1428269780487415e-04
-9.9744944390279500e-01  2.2411838070446709e-04
-9.9722040859731775e-01  2.3395185388748878e-04
-9.9698154096391955e-01  2.4378302038177951e-04
-9.9673284335775025e-01  2.5361178327109913e-04
-9.9647431823088461e-01  2.6343804562950517e-04
-9.9620596813229789e-01  2.7326171056790233e-04
-9.9592779570783840e-01  2.8308268123633144e-04
-9.9563980370020277e-01  2.9290086078396789e-04
-9.9534199494890707e-01  3.0271615241924272e-04
-9.9503437239025927e-01  3.1252845936459900e-04
-9.9471693905733050e-01  3.2233768486270383e-04
-9.9438969807992361e-01  3.3214373220106559e-04
-9.9405265268454324e-01  3.4194650469638227e-04
-9.9370580619436366e-01  3.5174590569449947e-04
-9.9334916202919576e-01  3.6154183857321488e-04
-9.9298272370545315e-01  3.7133420675011396e-04
-9.9260649483611840e-01  3.8112291366744250e-04
-9.9222047913070510e-01  3.9090786282410558e-04
-9.9182468039522420e-01  4.0068895772548557e-04
-9.9141910253214405e-01  4.1046610194811592e-04
-9.9100374954035320e-01  4.2023919908400393e-04
-9.9057862551511999e-01  4.3000815277791847e-04
-9.9014373464805350e-01  4.3977286670507506e-04
-9.8969908122706085e-01  4.4953324458501729e-04
-9.8924466963630553e-01  4.5928919019399574e-04
-9.8878050435616438e-01  4.6904060732994420e-04
-9.8830658996318266e-01  4.7878739985054075e-04
-9.8782293113002972e-01  4.8852947165947821e-04
-9.8732953262545220e-01  4.9826672669860345e-04
-9.8682639931422789e-01  5.0799906895745354e-04
-9.8631353615711670e-01  5.1772640248347193e-04
-9.8579094821081292e-01  5.2744863136049462e-04
-9.8525864062789392e-01  5.3716565974161934e-04
-9.8471661865677074e-01  5.4687739180689636e-04
-9.8416488764163557e-01  5.5658373180834020e-04
-9.8360345302240904e-01  5.6628458404388347e-04
-9.8303232033468690e-01  5.7597985286400144e-04
-9.8245149520968555e-01  5.8566944267588058e-04
-9.8186098337418581e-01  5.9535325794268768e-04
-9.8126079065047733e-01  6.0503120318409749e-04
-9.8065092295630041e-01  6.1470318297885990e-04
-9.8003138630478814e-01  6.2436910196739357e-04
-9.7940218680440716e-01  6.3402886484022777e-04
-9.7876333065889676e-01  6.4368237635699518e-04
-9.7811482416720907e-01  6.5332954133548048e-04
-9.7745667372344491e-01  6.6297026466153176e-04
-9.7678888581679280e-01  6.7260445127439257e-04
-9.7611146703146379e-01  6.8223200618836586e-04
-9.7542442404662688e-01  6.9185283447352345e-04
-9.7472776363634295e-01  7.0146684127799105e-04
-9.7402149266949856e-01  7.1107393180342327e-04
-9.7330561810973737e-01  7.2067401132885011e-04
-9.7258014701539219e-01  7.3026698520182532e-04
-9.7184508653941482e-01  7.3985275883594812e-04
-9.7110044392930628e-01  7.4943123771858543e-04
-9.7034622652704483e-01  7.5900232740632085e-04
-9.6958244176901265e-01  7.6856593353636347e-04
-9.6880909718592512e-01  7.7812196180738937e-04
-9.6802620040275378e-01  7.8767031800568827e-04
-9.6723375913865250e-01  7.9721090798329003e-04
-9.6643178120688167e-01  8.0674363767437333e-04
-9.6562027451473043e-01  8.1626841308633498e-04
-9.6479924706343856e-01  8.2578514031166745e-04
-9.6396870694811876e-01  8.3529372551169648e-04
-9.6312866235767558e-01  8.4479407493865245e-04
-9.6227912157472528e-01  8.5428609492014791e-04
-9.6142009297551390e-01  8.6376969186930329e-04
-9.6055158502983518e-01  8.7324477227885742e-04
-9.5967360630094634e-01  8.8271124272529050e-04
-9.5878616544548412e-01  8.9216900987688051e-04
-9.5788927121337952e-01  9.0161798047591092e-04
-9.5698293244777100e-01  9.1105806136343990e-04
-9.5606715808491793e-01  9.2048915945892103e-04
-9.5514195715411176e-01  9.2991118177851678e-04
-9.5420733877758779e-01  9.3932403542036874e-04
-9.5326331217043470e-01  9.4872762757684608e-04
-9.5230988664050353e-01  9.5812186553135409e-04
-9.5134707158831699e-01  9.6750665665861803e-04
-9.5037487650697483e-01  9.7688190842718696e-04
-9.4939331098206248e-01  9.8624752840052753e-04
-9.4840238469155480e-01  9.9560342423507769e-04
-9.4740210740572151e-01  1.0049495036850385e-03
-9.4639248898703066e-01  1.0142856745996385e-03
-9.4537353939005131e-01  1.0236118449284232e-03
-9.4434526866135582e-01  1.0329279227142896e-03
-9.4330768693941969e-01  1.0422338161086603e-03
-9.4226080445452309e-01  1.0515294333535653e-03
-9.4120463152864908e-01  1.0608146827965166e-03
-9.4013917857538143e-01  1.0700894728902003e-03
-9.3906445609980316e-01  1.0793537121856437e-03
-9.3798047469839219e-01  1.0886073093404579e-03
-9.3688724505891674e-01  1.0978501731165628e-03
-9.3578477796033033e-01  1.1070822123824204e-03
-9.3467308427266560e-01  1.1163033361111935e-03
-9.3355217495692633e-01  1.1255134533862915e-03
-9.3242206106498071e-01  1.1347124733982609e-03
-9.3128275373945080e-01  1.1439003054473948e-03
-9.3013426421360412e-01  1.1530768589436476e-03
-9.2897660381124214e-01  1.1622420434078378e-03
-9.2780978394658820e-01  1.1713957684752027e-03
-9.2663381612417606e-01  1.1805379438920693e-03
-9.2544871193873601e-01  1.1896684795178298e-03
-9.2425448307507985e-01  1.1987872853291869e-03
-9.2305114130798671e-01  1.2078942714166859e-03
-9.2183869850208655e-01  1.2169893479875170e-03
-9.2061716661174275e-01  1.2260724253678661e-03
-9.1938655768093502e-01  1.2351434139999814e-03
-9.1814688384314058e-01  1.2442022244453597e-03
-9.1689815732121338e-01  1.2532487673875090e-03
-9.1564039042726497e-01  1.2622829536319351e-03
-9.1437359556254250e-01  1.2713046941010514e-03
-9.1309778521730656e-01  1.2803138998434321e-03
-9.1181297197070788e-01  1.2893104820325134e-03
-9.1051916849066328e-01  1.2982943519621807e-03
-9.0921638753373124e-01  1.3072654210548986e-03
-9.0790464194498544e-01  1.3162236008577037e-03
-9.0658394465788850e-01  1.3251688030468706e-03
-9.0525430869416479e-01  1.3341009394231096e-03
-9.0391574716367096e-01  1.3430199219194414e-03
-9.0256827326426814e-01  1.3519256625955701e-03
-9.0121190028169040e-01  1.3608180736444445e-03
-8.9984664158941485e-01  1.3696970673895276e-03
-8.9847251064852895e-01  1.3785625562847488e-03
-8.9708952100759864e-01  1.3874144529211106e-03
-8.9569768630253388e-01  1.3962526700189684e-03
-8.9429702025645463e-01  1.4050771204373353e-03
-8.9288753667955589e-01  1.4138877171687623e-03
-8.9146924946897088e-01  1.4226843733430685e-03
-8.9004217260863427e-01  1.4314670022281164e-03
-8.8860632016914454e-01  1.4402355172289454e-03
-8.8716170630762492e-01  1.4489898318909430e-03
-8.8570834526758380e-01  1.4577298598975521e-03
-8.8424625137877477e-01  1.4664555150758925e-03
-8.8277543905705480e-01  1.4751667113926132e-03
-8.8129592280424207e-01  1.4838633629582097e-03
-8.7980771720797368e-01  1.4925453840254461e-03
-8.7831083694156065e-01  1.5012126889921761e-03
-8.7680529676384511e-01  1.5098651923999785e-03
-8.7529111151905203e-01  1.5185028089398252e-03
-8.7376829613664575e-01  1.5271254534454431e-03
-8.7223686563118119e-01  1.5357330409000701e-03
-8.7069683510215556e-01  1.5443254864343278e-03
-8.6914821973386047e-01  1.5529027053307065e-03
-8.6759103479523159e-01  1.5614646130198467e-03
-8.6602529563969854e-01  1.5700111250824401e-03
-8.6445101770503296e-01  1.5785421572530921e-03
-8.6286821651319667e-01  1.5870576254174223e-03
-8.6127690767018839e-01  1.5955574456158145e-03
-8.5967710686589038e-01  1.6040415340424260e-03
-8.5806882987391297e-01  1.6125098070461977e-03
-8.5645209255144006e-01  1.6209621811312223e-03
-8.5482691083907136e-01  1.6293985729606214e-03
-8.5319330076066646e-01  1.6378188993536060e-03
-8.5155127842318645e-01  1.6462230772869247e-03
-8.4990086001653475e-01  1.6546110238991314e-03
-8.4824206181339834e-01  1.6629826564862015e-03
-8.4657490016908588e-01  1.6713378925072519e-03
-8.4489939152136850e-01  1.6796766495803493e-03
-8.4321555239031554e-01  1.6879988454886581e-03
-8.4152339937813314e-01  1.6963043981770183e-03
-8.3982294916900013e-01  1.7045932257554620e-03
-8.3811421852890344e-01  1.7128652464972701e-03
-8.3639722430547259e-01  1.7211203788437570e-03
-8.3467198342781446e-01  1.7293585414005141e-03
-8.3293851290634469e-01  1.7375796529428033e-03
-8.3119682983262244e-01  1.7457836324108135e-03
-8.2944695137917934e-01  1.7539703989165338e-03
-8.2768889479935137e-01  1.7621398717414434e-03
-8.2592267742710934e-01  1.7702919703348123e-03
-8.2414831667688671e-01  1.7784266143207553e-03
-8.2236583004340880e-01  1.7865437234924357e-03
-8.2057523510151953e-01  1.7946432178186263e-03
-8.1877654950600931e-01  1.8027250174392593e-03
-8.1696979099143952e-01  1.8107890426709696e-03
-8.1515497737196874e-01  1.8188352140041555e-03
-8.1333212654117670e-01  1.8268634521065293e-03
-8.1150125647188798e-01  1.8348736778200363e-03
-8.0966238521599454e-01  1.8428658121671761e-03
-8.0781553090427793e-01  1.8508397763475183e-03
-8.0596071174623063e-01  1.8587954917403165e-03
-8.0409794602987639e-01  1.8667328799036353e-03
-8.0222725212158985e-01  1.8746518625763580e-03
-8.0034864846591536e-01  1.8825523616811254e-03
-7.9846215358538553e-01  1.8904342993197032e-03
-7.9656778608033818e-01  1.8982975977790868e-03
-7.9466556462873350e-01  1.9061421795287428e-03
-7.9275550798596872e-01  1.9139679672236542e-03
-7.9083763498469462e-01  1.9217748837027980e-03
-7.8891196453462931e-01  1.9295628519926961e-03
-7.8697851562237098e-01  1.9373317953058451e-03
-7.8503730731121191e-01  1.9450816370427183e-03
-7.8308835874094984e-01  1.9528123007920002e-03
-7.8113168912769937e-01  1.9605237103321820e-03
-7.7916731776370307e-01  1.9682157896284062e-03
-7.7719526401713956e-01  1.9758884628413298e-03
-7.7521554733193487e-01  1.9835416543183939e-03
-7.7322818722756881e-01  1.9911752886033461e-03
-7.7123320329888390e-01  1.9987892904284156e-03
-7.6923061521589076e-01  2.0063835847235986e-03
-7.6722044272357570e-01  2.0139580966097369e-03
-7.6520270564170489e-01  2.0215127514039474e-03
-7.6317742386462939e-01  2.0290474746207073e-03
-7.6114461736108907e-01  2.0365621919682659e-03
-7.5910430617401536e-01  2.0440568293551170e-03
-7.5705651042033417e-01  2.0515313128844142e-03
-7.5500125029076703e-01  2.0589855688605990e-03
-7.5293854604963251e-01  2.0664195237864143e-03
-7.5086841803464555e-01  2.0738331043655810e-03
-7.4879088665671834e-01  2.0812262375014723e-03
-7.4670597239975733e-01  2.0885988503007115e-03
-7.4461369582046333e-01  2.0959508700701679e-03
-7.4251407754812671e-01  2.1032822243212453e-03
-7.4040713828442506e-01  2.1105928407690925e-03
-7.3829289880321991e-01  2.1178826473325562e-03
-7.3617137995034987e-01  2.1251515721359675e-03
-7.3404260264342680e-01  2.1323995435106945e-03
-7.3190658787162888e-01  2.1396264899927052e-03
-7.2976335669549408e-01  2.1468323403258283e-03
-7.2761293024671159e-01  2.1540170234634884e-03
-7.2545532972791404e-01  2.1611804685665948e-03
-7.2329057641246963e-01  2.1683226050039760e-03
-7.2111869164427000e-01  2.1754433623574682e-03
-7.1893969683752124e-01  2.1825426704182162e-03
-7.1675361347653299e-01  2.1896204591884466e-03
-7.1456046311550592e-01  2.1966766588825994e-03
-7.1236026737831937e-01  2.2037111999297053e-03
-7.1015304795831813e-01  2.2107240129699600e-03
-7.0793882661809893e-01  2.2177150288598402e-03
-7.0571762518929537e-01  2.2246841786686474e-03
-7.0348946557236292e-01  2.2316313936834530e-03
-7.0125436973636290e-01  2.2385566054053474e-03
-6.9901235971874587e-01  2.2454597455548778e-03
-6.9676345762513447e-01  2.2523407460683779e-03
-6.9450768562910536e-01  2.2591995391012176e-03
-6.9224506597197055e-01  2.2660360570274300e-03
-6.8997562096255827e-01  2.2728502324401343e-03
-6.8769937297699280e-01  2.2796419981544638e-03
-6.8541634445847399e-01  2.2864112872044901e-03
-6.8312655791705623e-01  2.2931580328470328e-03
-6.8083003592942548e-01  2.2998821685616686e-03
-6.7852680113867825e-01  2.3065836280493357e-03
-6.7621687625409699e-01  2.3132623452357605e-03
-6.7390028405092672e-01  2.3199182542707492e-03
-6.7157704737015078e-01  2.3265512895284030e-03
-6.6924718911826508e-01  2.3331613856093251e-03
-6.6691073226705222e-01  2.3397484773388568e-03
-6.6456769985335562e-01  2.3463124997712853e-03
-6.6221811497885186e-01  2.3528533881859077e-03
-6.5986200080982305e-01  2.3593710780919538e-03
-6.5749938057692836e-01  2.3658655052264986e-03
-6.5513027757497500e-01  2.3723366055557883e-03
-6.5275471516268868e-01  2.3787843152779089e-03
-6.5037271676248309e-01  2.3852085708182839e-03
-6.4798430586022904e-01  2.3916093088369047e-03
-6.4558950600502274e-01  2.3979864662237575e-03
-6.4318834080895448e-01  2.4043399801009801e-03
-6.4078083394687413e-01  2.4106697878262229e-03
-6.3836700915615929e-01  2.4169758269882136e-03
-6.3594689023648077e-01  2.4232580354109391e-03
-6.3352050104956725e-01  2.4295163511538777e-03
-6.3108786551897111e-01  2.4357507125117284e-03
-6.2864900762983189e-01  2.4419610580147166e-03
-6.2620395142863972e-01  2.4481473264317227e-03
-6.2375272102299872e-01  2.4543094567666987e-03
-6.2129534058138858e-01  2.4604473882633630e-03
-6.1883183433292754e-01  2.4665610604025653e-03
-6.1636222656713158e-01  2.4726504129063045e-03
-6.1388654163367695e-01  2.4787153857337573e-03
-6.1140480394215868e-01  2.4847559190872789e-03
-6.0891703796185059e-01  2.4907719534075154e-03
-6.0642326822146364e-01  2.4967634293786714e-03
-6.0392351930890442e-01  2.5027302879264716e-03
-6.0141781587103238e-01  2.5086724702193309e-03
-5.9890618261341722e-01  2.5145899176683036e-03
-5.9638864430009497e-01  2.5204825719296405e-03
-5.9386522575332412e-01  2.5263503749027023e-03
-5.9133595185334031e-01  2.5321932687331103e-03
-5.8880084753811168e-01  2.5380111958113868e-03
-5.8625993780309305e-01  2.5438040987735737e-03
-5.8371324770097810e-01  2.5495719205042905e-03
-5.8116080234145451e-01  2.5553146041337326e-03
-5.7860262689095476e-01  2.5610320930405128e-03
-5.7603874657240861e-01  2.5667243308517642e-03
-5.7346918666499369e-01  2.5723912614442354e-03
-5.7089397250388829e-01  2.5780328289422057e-03
-5.6831312948001877e-01  2.5836489777225596e-03
-5.6572668303981122e-01  2.5892396524103741e-03
-5.6313465868493950e-01  2.5948047978840848e-03
-5.6053708197207497e-01  2.6003443592723576e-03
-5.5793397851263316e-01  2.6058582819564946e-03
-5.5532537397252169e-01  2.6113465115712438e-03
-5.5271129407188790e-01  2.6168089940036246e-03
-5.5009176458486464e-01  2.6222456753951066e-03
-5.4746681133931574e-01  2.6276565021417287e-03
-5.4483646021658261e-01  2.6330414208936173e-03
-5.4220073715122763e-01  2.6384003785576214e-03
-5.3955966813077949e-01  2.6437333222950310e-03
-5.3691327919547627e-01  2.6490401995254973e-03
-5.3426159643800952e-01  2.6543209579234718e-03
-5.3160464600326596e-01  2.6595755454226961e-03
-5.2894245408807028e-01  2.6648039102142029e-03
-5.2627504694092675e-01  2.6700060007480110e-03
-5.2360245086176105e-01  2.6751817657320954e-03
-5.2092469220165927e-01  2.6803311541359815e-03
-5.1824179736261022e-01  2.6854541151868196e-03
-5.1555379279724334e-01  2.6905505983745694e-03
-5.1286070500856895e-01  2.6956205534487726e-03
-5.1016256054971665e-01  2.7006639304209329e-03
-5.0745938602367313e-01  2.7056806795651102e-03
-5.0475120808302076e-01  2.7106707514169622e-03
-5.0203805342967356e-01  2.7156340967761550e-03
-4.9931994881461500e-01  2.7205706667053301e-03
-4.9659692103763398e-01  2.7254804125311652e-03
-4.9386899694706032e-01  2.7303632858445134e-03
-4.9113620343950015e-01  2.7352192385022324e-03
-4.8839856745957066e-01  2.7400482226256082e-03
-4.8565611599963476e-01  2.7448501906018044e-03
-4.8290887609953465e-01  2.7496250950852768e-03
-4.8015687484632497e-01  2.7543728889965358e-03
-4.7740013937400677e-01  2.7590935255230116e-03
-4.7463869686325827e-01  2.7637869581215039e-03
-4.7187257454116871e-01  2.7684531405153504e-03
-4.6910179968096855e-01  2.7730920266972490e-03
-4.6632639960176103e-01  2.7777035709292464e-03
-4.6354640166825295e-01  2.7822877277427611e-03
-4.6076183329048481e-01  2.7868444519390588e-03
-4.5797272192356037e-01  2.7913736985901291e-03
-4.5517909506737603e-01  2.7958754230387006e-03
-4.5238098026634976e-01  2.8003495808989198e-03
-4.4957840510914954e-01  2.8047961280567835e-03
-4.4677139722842096e-01  2.8092150206710164e-03
-4.4395998430051548e-01  2.8136062151719586e-03
-4.4114419404521699e-01  2.8179696682639407e-03
-4.3832405422546866e-01  2.8223053369240783e-03
-4.3549959264709931e-01  2.8266131784041235e-03
-4.3267083715854887e-01  2.8308931502298205e-03
-4.2983781565059437e-01  2.8351452102020271e-03
-4.2700055605607445e-01  2.8393693163960955e-03
-4.2415908634961452e-01  2.8435654271639008e-03
-4.2131343454735004e-01  2.8477335011325481e-03
-4.1846362870665132e-01  2.8518734972064370e-03
-4.1560969692584604e-01  2.8559853745655922e-03
-4.1275166734394270e-01  2.8600690926684157e-03
-4.0988956814035293e-01  2.8641246112507740e-03
-4.0702342753461407e-01  2.8681518903257643e-03
-4.0415327378611010e-01  2.8721508901859046e-03
-4.0127913519379377e-01  2.8761215714021939e-03
-3.9840104009590760e-01  2.8800638948243188e-03
-3.9551901686970381e-01  2.8839778215823120e-03
-3.9263309393116513e-01  2.8878633130858156e-03
-3.8974329973472416e-01  2.8917203310249696e-03
-3.8684966277298338e-01  2.8955488373706463e-03
-3.8395221157643389e-01  2.8993487943745600e-03
-3.8105097471317384e-01  2.9031201645705745e-03
-3.7814598078862738e-01  2.9068629107735903e-03
-3.7523725844526201e-01  2.9105769960813964e-03
-3.7232483636230673e-01  2.9142623838738029e-03
-3.6940874325546885e-01  2.9179190378140359e-03
-3.6648900787665095e-01  2.9215469218485156e-03
-3.6356565901366733e-01  2.9251460002072990e-03
-3.6063872548996068e-01  2.9287162374041545e-03
-3.5770823616431713e-01  2.9322575982378258e-03
-3.5477421993058228e-01  2.9357700477911602e-03
-3.5183670571737580e-01  2.9392535514327078e-03
-3.4889572248780698e-01  2.9427080748154755e-03
-3.4595129923918844e-01  2.9461335838792051e-03
-3.4300346500275025e-01  2.9495300448493149e-03
-3.4005224884335417e-01  2.9528974242374315e-03
-3.3709767985920691e-01  2.9562356888421498e-03
-3.3413978718157311e-01  2.9595448057488883e-03
-3.3117859997448773e-01  2.9628247423309742e-03
-3.2821414743446925e-01  2.9660754662490510e-03
-3.2524645879023173e-01  2.9692969454516304e-03
-3.2227556330239604e-01  2.9724891481758839e-03
-3.1930149026320154e-01  2.9756520429475544e-03
-3.1632426899621757e-01  2.9787855985812153e-03
-3.1334392885605422e-01  2.9818897841810514e-03
-3.1036049922807285e-01  2.9849645691404367e-03
-3.0737400952809613e-01  2.9880099231429785e-03
-3.0438448920211847e-01  2.9910258161621895e-03
-3.0139196772601529e-01  2.9940122184621957e-03
-2.9839647460525265e-01  2.9969691005978781e-03
-2.9539803937459619e-01  2.9998964334151620e-03
-2.9239669159782000e-01  3.0027941880512049e-03
-2.8939246086741499e-01  3.0056623359351392e-03
-2.8638537680429743e-01  3.0085008487876069e-03
-2.8337546905751654e-01  3.0113096986216868e-03
-2.8036276730396242e-01  3.0140888577428271e-03
-2.7734730124807300e-01  3.0168382987494136e-03
-2.7432910062154203e-01  3.0195579945324373e-03
-2.7130819518302507e-01  3.0222479182765560e-03
-2.6828461471784626e-01  3.0249080434599095e-03
-2.6525838903770538e-01  3.0275383438542929e-03
-2.6222954798038256e-01  3.0301387935256154e-03
-2.5919812140944537e-01  3.0327093668343214e-03
-2.5616413921395387e-01  3.0352500384349984e-03
-2.5312763130816551e-01  3.0377607832774039e-03
-2.5008862763124096e-01  3.0402415766060992e-03
-2.4704715814694844e-01  3.0426923939613484e-03
-2.4400325284336810e-01  3.0451132111787740e-03
-2.4095694173259696e-01  3.0475040043895724e-03
-2.3790825485045264e-01  3.0498647500211782e-03
-2.3485722225617695e-01  3.0521954247974790e-03
-2.3180387403214003e-01  3.0544960057384439e-03
-2.2874824028354351e-01  3.0567664701609200e-03
-2.2569035113812366e-01  3.0590067956788613e-03
-2.2263023674585414e-01  3.0612169602033013e-03
-2.1956792727864946e-01  3.0633969419423556e-03
-2.1650345293006651e-01  3.0655467194021838e-03
-2.1343684391500739e-01  3.0676662713866524e-03
-2.1036813046942171e-01  3.0697555769972668e-03
-2.0729734285000812e-01  3.0718146156342029e-03
-2.0422451133391578e-01  3.0738433669958271e-03
-2.0114966621844649e-01  3.0758418110792087e-03
-1.9807283782075552e-01  3.0778099281801711e-03
-1.9499405647755252e-01  3.0797476988937726e-03
-1.9191335254480307e-01  3.0816551041139245e-03
-1.8883075639742869e-01  3.0835321250341648e-03
-1.8574629842900764e-01  3.0853787431476074e-03
-1.8266000905147534e-01  3.0871949402470995e-03
-1.7957191869482458e-01  3.0889806984253010e-03
-1.7648205780680482e-01  3.0907360000752581e-03
-1.7339045685262294e-01  3.0924608278901262e-03
-1.7029714631464221e-01  3.0941551648635927e-03
-1.6720215669208227e-01  3.0958189942897336e-03
-1.6410551850071753e-01  3.0974522997638454e-03
-1.6100726227257722e-01  3.0990550651819478e-03
-1.5790741855564377e-01  3.1006272747412154e-03
-1.5480601791355217e-01  3.1021689129399777e-03
-1.5170309092528805e-01  3.1036799645781359e-03
-1.4859866818488635e-01  3.1051604147571579e-03
-1.4549278030112972e-01  3.1066102488801900e-03
-1.4238545789724705e-01  3.1080294526521944e-03
-1.3927673161061074e-01  3.1094180120802466e-03
-1.3616663209243537e-01  3.1107759134735660e-03
-1.3305519000747540e-01  3.1121031434435142e-03
-1.2994243603372224e-01  3.1133996889039983e-03
-1.2682840086210245e-01  3.1146655370714051e-03
-1.2371311519617473e-01  3.1159006754648798e-03
-1.2059660975182734e-01  3.1171050919062446e-03
-1.1747891525697537e-01  3.1182787745202248e-03
-1.1436006245125743e-01  3.1194217117346728e-03
-1.1124008208573288e-01  3.1205338922805090e-03
-1.0811900492257853e-01  3.1216153051920057e-03
-1.0499686173478529e-01  3.1226659398065405e-03
-1.0187368330585483e-01  3.1236857857653063e-03
-9.8749500429495846e-02  3.1246748330128367e-03
-9.5624343909320800e-02  3.1256330717974001e-03
-9.2498244558542109e-02  3.1265604926709800e-03
-8.9371233199667929e-02  3.1274570864894885e-03
-8.6243340664198975e-02  3.1283228444127210e-03
-8.3114597792323663e-02  3.1291577579045863e-03
-7.9985035432614926e-02  3.1299618187329999e-03
-7.6854684441725524e-02  3.1307350189701479e-03
-7.3723575684083636e-02  3.1314773509924934e-03
-7.0591740031589273e-02  3.1321888074808688e-03
-6.7459208363308903e-02  3.1328693814204672e-03
-6.4326011565172037e-02  3.1335190661009983e-03
-6.1192180529665907e-02  3.1341378551167994e-03
-5.8057746155531179e-02  3.1347257423667034e-03
-5.4922739347457283e-02  3.1352827220543391e-03
-5.1787191015777792e-02  3.1358087886880427e-03
-4.8651132076165587e-02  3.1363039370809064e-03
-4.5514593449327623e-02  3.1367681623509667e-03
-4.2377606060701040e-02  3.1372014599209551e-03
-3.9240200840147219e-02  3.1376038255187958e-03
-3.6102408721647335e-02  3.1379752551772572e-03
-3.2964260642997317e-02  3.1383157452340906e-03
-2.9825787545502823e-02  3.1386252923321523e-03
-2.6687020373673938e-02  3.1389038934194315e-03
-2.3547990074920595e-02  3.1391515457489796e-03
-2.0408727599246574e-02  3.1393682468790168e-03
-1.7269263898945300e-02  3.1395539946729055e-03
-1.4129629928293936e-02  3.1397087872992702e-03
-1.0989856643248785e-02  3.1398326232318159e-03
-7.8499750011393754e-03  3.1399255012496377e-03
-4.7100159603637760e-03  3.1399874204369360e-03
-1.5700104800832415e-03  3.1400183801831892e-03
+1.5700104800832415e-03  3.1400183801831892e-03
+4.7100159603637760e-03  3.1399874204369360e-03
+7.8499750011393754e-03  3.1399255012496377e-03
+1.0989856643248785e-02  3.1398326232318159e-03
+1.4129629928293936e-02  3.1397087872992702e-03
+1.7269263898945300e-02  3.1395539946729055e-03
+2.0408727599246574e-02  3.1393682468790168e-03
+2.3547990074920595e-02  3.1391515457489796e-03
+2.6687020373673938e-02  3.1389038934194315e-03
+2.9825787545502823e-02  3.1386252923321523e-03
+3.2964260642997317e-02  3.1383157452340906e-03
+3.6102408721647335e-02  3.1379752551772572e-03
+3.9240200840147219e-02  3.1376038255187958e-03
+4.2377606060701040e-02  3.1372014599209551e-03
+4.5514593449327623e-02  3.1367681623509667e-03
+4.8651132076165587e-02  3.1363039370809064e-03
+5.1787191015777792e-02  3.1358087886880427e-03
+5.4922739347457283e-02  3.1352827220543391e-03
+5.8057746155531179e-02  3.1347257423667034e-03
+6.1192180529665907e-02  3.1341378551167994e-03
+6.4326011565172037e-02  3.1335190661009983e-03
+6.7459208363308903e-02  3.1328693814204672e-03
+7.0591740031589273e-02  3.1321888074808688e-03
+7.3723575684083636e-02  3.1314773509924934e-03
+7.6854684441725524e-02  3.1307350189701479e-03
+7.9985035432614926e-02  3.1299618187329999e-03
+8.3114597792323663e-02  3.1291577579045863e-03
+8.6243340664198975e-02  3.1283228444127210e-03
+8.9371233199667929e-02  3.1274570864894885e-03
+9.2498244558542109e-02  3.1265604926709800e-03
+9.5624343909320800e-02  3.1256330717974001e-03
+9.8749500429495846e-02  3.1246748330128367e-03
+1.0187368330585483e-01  3.1236857857653063e-03
+1.0499686173478529e-01  3.1226659398065405e-03
+1.0811900492257853e-01  3.1216153051920057e-03
+1.1124008208573288e-01  3.1205338922805090e-03
+1.1436006245125743e-01  3.1194217117346728e-03
+1.1747891525697537e-01  3.1182787745202248e-03
+1.2059660975182734e-01  3.1171050919062446e-03
+1.2371311519617473e-01  3.1159006754648798e-03
+1.2682840086210245e-01  3.1146655370714051e-03
+1.2994243603372224e-01  3.1133996889039983e-03
+1.3305519000747540e-01  3.1121031434435142e-03
+1.3616663209243537e-01  3.1107759134735660e-03
+1.3927673161061074e-01  3.1094180120802466e-03
+1.4238545789724705e-01  3.1080294526521944e-03
+1.4549278030112972e-01  3.1066102488801900e-03
+1.4859866818488635e-01  3.1051604147571579e-03
+1.5170309092528805e-01  3.1036799645781359e-03
+1.5480601791355217e-01  3.1021689129399777e-03
+1.5790741855564377e-01  3.1006272747412154e-03
+1.6100726227257722e-01  3.0990550651819478e-03
+1.6410551850071753e-01  3.0974522997638454e-03
+1.6720215669208227e-01  3.0958189942897336e-03
+1.7029714631464221e-01  3.0941551648635927e-03
+1.7339045685262294e-01  3.0924608278901262e-03
+1.7648205780680482e-01  3.0907360000752581e-03
+1.7957191869482458e-01  3.0889806984253010e-03
+1.8266000905147534e-01  3.0871949402470995e-03
+1.8574629842900764e-01  3.0853787431476074e-03
+1.8883075639742869e-01  3.0835321250341648e-03
+1.9191335254480307e-01  3.0816551041139245e-03
+1.9499405647755252e-01  3.0797476988937726e-03
+1.9807283782075552e-01  3.0778099281801711e-03
+2.0114966621844649e-01  3.0758418110792087e-03
+2.0422451133391578e-01  3.0738433669958271e-03
+2.0729734285000812e-01  3.0718146156342029e-03
+2.1036813046942171e-01  3.0697555769972668e-03
+2.1343684391500739e-01  3.0676662713866524e-03
+2.1650345293006651e-01  3.0655467194021838e-03
+2.1956792727864946e-01  3.0633969419423556e-03
+2.2263023674585414e-01  3.0612169602033013e-03
+2.2569035113812366e-01  3.0590067956788613e-03
+2.2874824028354351e-01  3.0567664701609200e-03
+2.3180387403214003e-01  3.0544960057384439e-03
+2.3485722225617695e-01  3.0521954247974790e-03
+2.3790825485045264e-01  3.0498647500211782e-03
+2.4095694173259696e-01  3.0475040043895724e-03
+2.4400325284336810e-01  3.0451132111787740e-03
+2.4704715814694844e-01  3.0426923939613484e-03
+2.5008862763124096e-01  3.0402415766060992e-03
+2.5312763130816551e-01  3.0377607832774039e-03
+2.5616413921395387e-01  3.0352500384349984e-03
+2.5919812140944537e-01  3.0327093668343214e-03
+2.6222954798038256e-01  3.0301387935256154e-03
+2.6525838903770538e-01  3.0275383438542929e-03
+2.6828461471784626e-01  3.0249080434599095e-03
+2.7130819518302507e-01  3.0222479182765560e-03
+2.7432910062154203e-01  3.0195579945324373e-03
+2.7734730124807300e-01  3.0168382987494136e-03
+2.8036276730396242e-01  3.0140888577428271e-03
+2.8337546905751654e-01  3.0113096986216868e-03
+2.8638537680429743e-01  3.0085008487876069e-03
+2.8939246086741499e-01  3.0056623359351392e-03
+2.9239669159782000e-01  3.0027941880512049e-03
+2.9539803937459619e-01  2.9998964334151620e-03
+2.9839647460525265e-01  2.9969691005978781e-03
+3.0139196772601529e-01  2.9940122184621957e-03
+3.0438448920211847e-01  2.9910258161621895e-03
+3.0737400952809613e-01  2.9880099231429785e-03
+3.1036049922807285e-01  2.9849645691404367e-03
+3.1334392885605422e-01  2.9818897841810514e-03
+3.1632426899621757e-01  2.9787855985812153e-03
+3.1930149026320154e-01  2.9756520429475544e-03
+3.2227556330239604e-01  2.9724891481758839e-03
+3.2524645879023173e-01  2.9692969454516304e-03
+3.2821414743446925e-01  2.9660754662490510e-03
+3.3117859997448773e-01  2.9628247423309742e-03
+3.3413978718157311e-01  2.9595448057488883e-03
+3.3709767985920691e-01  2.9562356888421498e-03
+3.4005224884335417e-01  2.9528974242374315e-03
+3.4300346500275025e-01  2.9495300448493149e-03
+3.4595129923918844e-01  2.9461335838792051e-03
+3.4889572248780698e-01  2.9427080748154755e-03
+3.5183670571737580e-01  2.9392535514327078e-03
+3.5477421993058228e-01  2.9357700477911602e-03
+3.5770823616431713e-01  2.9322575982378258e-03
+3.6063872548996068e-01  2.9287162374041545e-03
+3.6356565901366733e-01  2.9251460002072990e-03
+3.6648900787665095e-01  2.9215469218485156e-03
+3.6940874325546885e-01  2.9179190378140359e-03
+3.7232483636230673e-01  2.9142623838738029e-03
+3.7523725844526201e-01  2.9105769960813964e-03
+3.7814598078862738e-01  2.9068629107735903e-03
+3.8105097471317384e-01  2.9031201645705745e-03
+3.8395221157643389e-01  2.8993487943745600e-03
+3.8684966277298338e-01  2.8955488373706463e-03
+3.8974329973472416e-01  2.8917203310249696e-03
+3.9263309393116513e-01  2.8878633130858156e-03
+3.9551901686970381e-01  2.8839778215823120e-03
+3.9840104009590760e-01  2.8800638948243188e-03
+4.0127913519379377e-01  2.8761215714021939e-03
+4.0415327378611010e-01  2.8721508901859046e-03
+4.0702342753461407e-01  2.8681518903257643e-03
+4.0988956814035293e-01  2.8641246112507740e-03
+4.1275166734394270e-01  2.8600690926684157e-03
+4.1560969692584604e-01  2.8559853745655922e-03
+4.1846362870665132e-01  2.8518734972064370e-03
+4.2131343454735004e-01  2.8477335011325481e-03
+4.2415908634961452e-01  2.8435654271639008e-03
+4.2700055605607445e-01  2.8393693163960955e-03
+4.2983781565059437e-01  2.8351452102020271e-03
+4.3267083715854887e-01  2.8308931502298205e-03
+4.3549959264709931e-01  2.8266131784041235e-03
+4.3832405422546866e-01  2.8223053369240783e-03
+4.4114419404521699e-01  2.8179696682639407e-03
+4.4395998430051548e-01  2.8136062151719586e-03
+4.4677139722842096e-01  2.8092150206710164e-03
+4.4957840510914954e-01  2.8047961280567835e-03
+4.5238098026634976e-01  2.8003495808989198e-03
+4.5517909506737603e-01  2.7958754230387006e-03
+4.5797272192356037e-01  2.7913736985901291e-03
+4.6076183329048481e-01  2.7868444519390588e-03
+4.6354640166825295e-01  2.7822877277427611e-03
+4.6632639960176103e-01  2.7777035709292464e-03
+4.6910179968096855e-01  2.7730920266972490e-03
+4.7187257454116871e-01  2.7684531405153504e-03
+4.7463869686325827e-01  2.7637869581215039e-03
+4.7740013937400677e-01  2.7590935255230116e-03
+4.8015687484632497e-01  2.7543728889965358e-03
+4.8290887609953465e-01  2.7496250950852768e-03
+4.8565611599963476e-01  2.7448501906018044e-03
+4.8839856745957066e-01  2.7400482226256082e-03
+4.9113620343950015e-01  2.7352192385022324e-03
+4.9386899694706032e-01  2.7303632858445134e-03
+4.9659692103763398e-01  2.7254804125311652e-03
+4.9931994881461500e-01  2.7205706667053301e-03
+5.0203805342967356e-01  2.7156340967761550e-03
+5.0475120808302076e-01  2.7106707514169622e-03
+5.0745938602367313e-01  2.7056806795651102e-03
+5.1016256054971665e-01  2.7006639304209329e-03
+5.1286070500856895e-01  2.6956205534487726e-03
+5.1555379279724334e-01  2.6905505983745694e-03
+5.1824179736261022e-01  2.6854541151868196e-03
+5.2092469220165927e-01  2.6803311541359815e-03
+5.2360245086176105e-01  2.6751817657320954e-03
+5.2627504694092675e-01  2.6700060007480110e-03
+5.2894245408807028e-01  2.6648039102142029e-03
+5.3160464600326596e-01  2.6595755454226961e-03
+5.3426159643800952e-01  2.6543209579234718e-03
+5.3691327919547627e-01  2.6490401995254973e-03
+5.3955966813077949e-01  2.6437333222950310e-03
+5.4220073715122763e-01  2.6384003785576214e-03
+5.4483646021658261e-01  2.6330414208936173e-03
+5.4746681133931574e-01  2.6276565021417287e-03
+5.5009176458486464e-01  2.6222456753951066e-03
+5.5271129407188790e-01  2.6168089940036246e-03
+5.5532537397252169e-01  2.6113465115712438e-03
+5.5793397851263316e-01  2.6058582819564946e-03
+5.6053708197207497e-01  2.6003443592723576e-03
+5.6313465868493950e-01  2.5948047978840848e-03
+5.6572668303981122e-01  2.5892396524103741e-03
+5.6831312948001877e-01  2.5836489777225596e-03
+5.7089397250388829e-01  2.5780328289422057e-03
+5.7346918666499369e-01  2.5723912614442354e-03
+5.7603874657240861e-01  2.5667243308517642e-03
+5.7860262689095476e-01  2.5610320930405128e-03
+5.8116080234145451e-01  2.5553146041337326e-03
+5.8371324770097810e-01  2.5495719205042905e-03
+5.8625993780309305e-01  2.5438040987735737e-03
+5.8880084753811168e-01  2.5380111958113868e-03
+5.9133595185334031e-01  2.5321932687331103e-03
+5.9386522575332412e-01  2.5263503749027023e-03
+5.9638864430009497e-01  2.5204825719296405e-03
+5.9890618261341722e-01  2.5145899176683036e-03
+6.0141781587103238e-01  2.5086724702193309e-03
+6.0392351930890442e-01  2.5027302879264716e-03
+6.0642326822146364e-01  2.4967634293786714e-03
+6.0891703796185059e-01  2.4907719534075154e-03
+6.1140480394215868e-01  2.4847559190872789e-03
+6.1388654163367695e-01  2.4787153857337573e-03
+6.1636222656713158e-01  2.4726504129063045e-03
+6.1883183433292754e-01  2.4665610604025653e-03
+6.2129534058138858e-01  2.4604473882633630e-03
+6.2375272102299872e-01  2.4543094567666987e-03
+6.2620395142863972e-01  2.4481473264317227e-03
+6.2864900762983189e-01  2.4419610580147166e-03
+6.3108786551897111e-01  2.4357507125117284e-03
+6.3352050104956725e-01  2.4295163511538777e-03
+6.3594689023648077e-01  2.4232580354109391e-03
+6.3836700915615929e-01  2.4169758269882136e-03
+6.4078083394687413e-01  2.4106697878262229e-03
+6.4318834080895448e-01  2.4043399801009801e-03
+6.4558950600502274e-01  2.3979864662237575e-03
+6.4798430586022904e-01  2.3916093088369047e-03
+6.5037271676248309e-01  2.3852085708182839e-03
+6.5275471516268868e-01  2.3787843152779089e-03
+6.5513027757497500e-01  2.3723366055557883e-03
+6.5749938057692836e-01  2.3658655052264986e-03
+6.5986200080982305e-01  2.3593710780919538e-03
+6.6221811497885186e-01  2.3528533881859077e-03
+6.6456769985335562e-01  2.3463124997712853e-03
+6.6691073226705222e-01  2.3397484773388568e-03
+6.6924718911826508e-01  2.3331613856093251e-03
+6.7157704737015078e-01  2.3265512895284030e-03
+6.7390028405092672e-01  2.3199182542707492e-03
+6.7621687625409699e-01  2.3132623452357605e-03
+6.7852680113867825e-01  2.3065836280493357e-03
+6.8083003592942548e-01  2.2998821685616686e-03
+6.8312655791705623e-01  2.2931580328470328e-03
+6.8541634445847399e-01  2.2864112872044901e-03
+6.8769937297699280e-01  2.2796419981544638e-03
+6.8997562096255827e-01  2.2728502324401343e-03
+6.9224506597197055e-01  2.2660360570274300e-03
+6.9450768562910536e-01  2.2591995391012176e-03
+6.9676345762513447e-01  2.2523407460683779e-03
+6.9901235971874587e-01  2.2454597455548778e-03
+7.0125436973636290e-01  2.2385566054053474e-03
+7.0348946557236292e-01  2.2316313936834530e-03
+7.0571762518929537e-01  2.2246841786686474e-03
+7.0793882661809893e-01  2.2177150288598402e-03
+7.1015304795831813e-01  2.2107240129699600e-03
+7.1236026737831937e-01  2.2037111999297053e-03
+7.1456046311550592e-01  2.1966766588825994e-03
+7.1675361347653299e-01  2.1896204591884466e-03
+7.1893969683752124e-01  2.1825426704182162e-03
+7.2111869164427000e-01  2.1754433623574682e-03
+7.2329057641246963e-01  2.1683226050039760e-03
+7.2545532972791404e-01  2.1611804685665948e-03
+7.2761293024671159e-01  2.1540170234634884e-03
+7.2976335669549408e-01  2.1468323403258283e-03
+7.3190658787162888e-01  2.1396264899927052e-03
+7.3404260264342680e-01  2.1323995435106945e-03
+7.3617137995034987e-01  2.1251515721359675e-03
+7.3829289880321991e-01  2.1178826473325562e-03
+7.4040713828442506e-01  2.1105928407690925e-03
+7.4251407754812671e-01  2.1032822243212453e-03
+7.4461369582046333e-01  2.0959508700701679e-03
+7.4670597239975733e-01  2.0885988503007115e-03
+7.4879088665671834e-01  2.0812262375014723e-03
+7.5086841803464555e-01  2.0738331043655810e-03
+7.5293854604963251e-01  2.0664195237864143e-03
+7.5500125029076703e-01  2.0589855688605990e-03
+7.5705651042033417e-01  2.0515313128844142e-03
+7.5910430617401536e-01  2.0440568293551170e-03
+7.6114461736108907e-01  2.0365621919682659e-03
+7.6317742386462939e-01  2.0290474746207073e-03
+7.6520270564170489e-01  2.0215127514039474e-03
+7.6722044272357570e-01  2.0139580966097369e-03
+7.6923061521589076e-01  2.0063835847235986e-03
+7.7123320329888390e-01  1.9987892904284156e-03
+7.7322818722756881e-01  1.9911752886033461e-03
+7.7521554733193487e-01  1.9835416543183939e-03
+7.7719526401713956e-01  1.9758884628413298e-03
+7.7916731776370307e-01  1.9682157896284062e-03
+7.8113168912769937e-01  1.9605237103321820e-03
+7.8308835874094984e-01  1.9528123007920002e-03
+7.8503730731121191e-01  1.9450816370427183e-03
+7.8697851562237098e-01  1.9373317953058451e-03
+7.8891196453462931e-01  1.9295628519926961e-03
+7.9083763498469462e-01  1.9217748837027980e-03
+7.9275550798596872e-01  1.9139679672236542e-03
+7.9466556462873350e-01  1.9061421795287428e-03
+7.9656778608033818e-01  1.8982975977790868e-03
+7.9846215358538553e-01  1.8904342993197032e-03
+8.0034864846591536e-01  1.8825523616811254e-03
+8.0222725212158985e-01  1.8746518625763580e-03
+8.0409794602987639e-01  1.8667328799036353e-03
+8.0596071174623063e-01  1.8587954917403165e-03
+8.0781553090427793e-01  1.8508397763475183e-03
+8.0966238521599454e-01  1.8428658121671761e-03
+8.1150125647188798e-01  1.8348736778200363e-03
+8.1333212654117670e-01  1.8268634521065293e-03
+8.1515497737196874e-01  1.8188352140041555e-03
+8.1696979099143952e-01  1.8107890426709696e-03
+8.1877654950600931e-01  1.8027250174392593e-03
+8.2057523510151953e-01  1.7946432178186263e-03
+8.2236583004340880e-01  1.7865437234924357e-03
+8.2414831667688671e-01  1.7784266143207553e-03
+8.2592267742710934e-01  1.7702919703348123e-03
+8.2768889479935137e-01  1.7621398717414434e-03
+8.2944695137917934e-01  1.7539703989165338e-03
+8.3119682983262244e-01  1.7457836324108135e-03
+8.3293851290634469e-01  1.7375796529428033e-03
+8.3467198342781446e-01  1.7293585414005141e-03
+8.3639722430547259e-01  1.7211203788437570e-03
+8.3811421852890344e-01  1.7128652464972701e-03
+8.3982294916900013e-01  1.7045932257554620e-03
+8.4152339937813314e-01  1.6963043981770183e-03
+8.4321555239031554e-01  1.6879988454886581e-03
+8.4489939152136850e-01  1.6796766495803493e-03
+8.4657490016908588e-01  1.6713378925072519e-03
+8.4824206181339834e-01  1.6629826564862015e-03
+8.4990086001653475e-01  1.6546110238991314e-03
+8.5155127842318645e-01  1.6462230772869247e-03
+8.5319330076066646e-01  1.6378188993536060e-03
+8.5482691083907136e-01  1.6293985729606214e-03
+8.5645209255144006e-01  1.6209621811312223e-03
+8.5806882987391297e-01  1.6125098070461977e-03
+8.5967710686589038e-01  1.6040415340424260e-03
+8.6127690767018839e-01  1.5955574456158145e-03
+8.6286821651319667e-01  1.5870576254174223e-03
+8.6445101770503296e-01  1.5785421572530921e-03
+8.6602529563969854e-01  1.5700111250824401e-03
+8.6759103479523159e-01  1.5614646130198467e-03
+8.6914821973386047e-01  1.5529027053307065e-03
+8.7069683510215556e-01  1.5443254864343278e-03
+8.7223686563118119e-01  1.5357330409000701e-03
+8.7376829613664575e-01  1.5271254534454431e-03
+8.7529111151905203e-01  1.5185028089398252e-03
+8.7680529676384511e-01  1.5098651923999785e-03
+8.7831083694156065e-01  1.5012126889921761e-03
+8.7980771720797368e-01  1.4925453840254461e-03
+8.8129592280424207e-01  1.4838633629582097e-03
+8.8277543905705480e-01  1.4751667113926132e-03
+8.8424625137877477e-01  1.4664555150758925e-03
+8.8570834526758380e-01  1.4577298598975521e-03
+8.8716170630762492e-01  1.4489898318909430e-03
+8.8860632016914454e-01  1.4402355172289454e-03
+8.9004217260863427e-01  1.4314670022281164e-03
+8.9146924946897088e-01  1.4226843733430685e-03
+8.9288753667955589e-01  1.4138877171687623e-03
+8.9429702025645463e-01  1.4050771204373353e-03
+8.9569768630253388e-01  1.3962526700189684e-03
+8.9708952100759864e-01  1.3874144529211106e-03
+8.9847251064852895e-01  1.3785625562847488e-03
+8.9984664158941485e-01  1.3696970673895276e-03
+9.0121190028169040e-01  1.3608180736444445e-03
+9.0256827326426814e-01  1.3519256625955701e-03
+9.0391574716367096e-01  1.3430199219194414e-03
+9.0525430869416479e-01  1.3341009394231096e-03
+9.0658394465788850e-01  1.3251688030468706e-03
+9.0790464194498544e-01  1.3162236008577037e-03
+9.0921638753373124e-01  1.3072654210548986e-03
+9.1051916849066328e-01  1.2982943519621807e-03
+9.1181297197070788e-01  1.2893104820325134e-03
+9.1309778521730656e-01  1.2803138998434321e-03
+9.1437359556254250e-01  1.2713046941010514e-03
+9.1564039042726497e-01  1.2622829536319351e-03
+9.1689815732121338e-01  1.2532487673875090e-03
+9.1814688384314058e-01  1.2442022244453597e-03
+9.1938655768093502e-01  1.2351434139999814e-03
+9.2061716661174275e-01  1.2260724253678661e-03
+9.2183869850208655e-01  1.2169893479875170e-03
+9.2305114130798671e-01  1.2078942714166859e-03
+9.2425448307507985e-01  1.1987872853291869e-03
+9.2544871193873601e-01  1.1896684795178298e-03
+9.2663381612417606e-01  1.1805379438920693e-03
+9.2780978394658820e-01  1.1713957684752027e-03
+9.2897660381124214e-01  1.1622420434078378e-03
+9.3013426421360412e-01  1.1530768589436476e-03
+9.3128275373945080e-01  1.1439003054473948e-03
+9.3242206106498071e-01  1.1347124733982609e-03
+9.3355217495692633e-01  1.1255134533862915e-03
+9.3467308427266560e-01  1.1163033361111935e-03
+9.3578477796033033e-01  1.1070822123824204e-03
+9.3688724505891674e-01  1.0978501731165628e-03
+9.3798047469839219e-01  1.0886073093404579e-03
+9.3906445609980316e-01  1.0793537121856437e-03
+9.4013917857538143e-01  1.0700894728902003e-03
+9.4120463152864908e-01  1.0608146827965166e-03
+9.4226080445452309e-01  1.0515294333535653e-03
+9.4330768693941969e-01  1.0422338161086603e-03
+9.4434526866135582e-01  1.0329279227142896e-03
+9.4537353939005131e-01  1.0236118449284232e-03
+9.4639248898703066e-01  1.0142856745996385e-03
+9.4740210740572151e-01  1.0049495036850385e-03
+9.4840238469155480e-01  9.9560342423507769e-04
+9.4939331098206248e-01  9.8624752840052753e-04
+9.5037487650697483e-01  9.7688190842718696e-04
+9.5134707158831699e-01  9.6750665665861803e-04
+9.5230988664050353e-01  9.5812186553135409e-04
+9.5326331217043470e-01  9.4872762757684608e-04
+9.5420733877758779e-01  9.3932403542036874e-04
+9.5514195715411176e-01  9.2991118177851678e-04
+9.5606715808491793e-01  9.2048915945892103e-04
+9.5698293244777100e-01  9.1105806136343990e-04
+9.5788927121337952e-01  9.0161798047591092e-04
+9.5878616544548412e-01  8.9216900987688051e-04
+9.5967360630094634e-01  8.8271124272529050e-04
+9.6055158502983518e-01  8.7324477227885742e-04
+9.6142009297551390e-01  8.6376969186930329e-04
+9.6227912157472528e-01  8.5428609492014791e-04
+9.6312866235767558e-01  8.4479407493865245e-04
+9.6396870694811876e-01  8.3529372551169648e-04
+9.6479924706343856e-01  8.2578514031166745e-04
+9.6562027451473043e-01  8.1626841308633498e-04
+9.6643178120688167e-01  8.0674363767437333e-04
+9.6723375913865250e-01  7.9721090798329003e-04
+9.6802620040275378e-01  7.8767031800568827e-04
+9.6880909718592512e-01  7.7812196180738937e-04
+9.6958244176901265e-01  7.6856593353636347e-04
+9.7034622652704483e-01  7.5900232740632085e-04
+9.7110044392930628e-01  7.4943123771858543e-04
+9.7184508653941482e-01  7.3985275883594812e-04
+9.7258014701539219e-01  7.3026698520182532e-04
+9.7330561810973737e-01  7.2067401132885011e-04
+9.7402149266949856e-01  7.1107393180342327e-04
+9.7472776363634295e-01  7.0146684127799105e-04
+9.7542442404662688e-01  6.9185283447352345e-04
+9.7611146703146379e-01  6.8223200618836586e-04
+9.7678888581679280e-01  6.7260445127439257e-04
+9.7745667372344491e-01  6.6297026466153176e-04
+9.7811482416720907e-01  6.5332954133548048e-04
+9.7876333065889676e-01  6.4368237635699518e-04
+9.7940218680440716e-01  6.3402886484022777e-04
+9.8003138630478814e-01  6.2436910196739357e-04
+9.8065092295630041e-01  6.1470318297885990e-04
+9.8126079065047733e-01  6.0503120318409749e-04
+9.8186098337418581e-01  5.9535325794268768e-04
+9.8245149520968555e-01  5.8566944267588058e-04
+9.8303232033468690e-01  5.7597985286400144e-04
+9.8360345302240904e-01  5.6628458404388347e-04
+9.8416488764163557e-01  5.5658373180834020e-04
+9.8471661865677074e-01  5.4687739180689636e-04
+9.8525864062789392e-01  5.3716565974161934e-04
+9.8579094821081292e-01  5.2744863136049462e-04
+9.8631353615711670e-01  5.1772640248347193e-04
+9.8682639931422789e-01  5.0799906895745354e-04
+9.8732953262545220e-01  4.9826672669860345e-04
+9.8782293113002972e-01  4.8852947165947821e-04
+9.8830658996318266e-01  4.7878739985054075e-04
+9.8878050435616438e-01  4.6904060732994420e-04
+9.8924466963630553e-01  4.5928919019399574e-04
+9.8969908122706085e-01  4.4953324458501729e-04
+9.9014373464805350e-01  4.3977286670507506e-04
+9.9057862551511999e-01  4.3000815277791847e-04
+9.9100374954035320e-01  4.2023919908400393e-04
+9.9141910253214405e-01  4.1046610194811592e-04
+9.9182468039522420e-01  4.0068895772548557e-04
+9.9222047913070510e-01  3.9090786282410558e-04
+9.9260649483611840e-01  3.8112291366744250e-04
+9.9298272370545315e-01  3.7133420675011396e-04
+9.9334916202919576e-01  3.6154183857321488e-04
+9.9370580619436366e-01  3.5174590569449947e-04
+9.9405265268454324e-01  3.4194650469638227e-04
+9.9438969807992361e-01  3.3214373220106559e-04
+9.9471693905733050e-01  3.2233768486270383e-04
+9.9503437239025927e-01  3.1252845936459900e-04
+9.9534199494890707e-01  3.0271615241924272e-04
+9.9563980370020277e-01  2.9290086078396789e-04
+9.9592779570783840e-01  2.8308268123633144e-04
+9.9620596813229789e-01  2.7326171056790233e-04
+9.9647431823088461e-01  2.6343804562950517e-04
+9.9673284335775025e-01  2.5361178327109913e-04
+9.9698154096391955e-01  2.4378302038177951e-04
+9.9722040859731775e-01  2.3395185388748878e-04
+9.9744944390279500e-01  2.2411838070446709e-04
+9.9766864462214999e-01  2.1428269780487415e-04
+9.9787800859415454e-01  2.0444490216925607e-04
+9.9807753375457664e-01  1.9460509081098556e-04
+9.9826721813620378e-01  1.8476336075246160e-04
+9.9844705986886573e-01  1.7491980905355597e-04
+9.9861705717945881e-01  1.6507453279325884e-04
+9.9877720839197148e-01  1.5522762907843203e-04
+9.9892751192751317e-01  1.4537919504383536e-04
+9.9906796630434758e-01  1.3552932786837460e-04
+9.9919857013793689e-01  1.2567812476483068e-04
+9.9931932214100083e-01  1.1582568303704336e-04
+9.9943022112360813e-01  1.0597210009740430e-04
+9.9953126599332398e-01  9.6117473548564797e-05
+9.9962245575547060e-01  8.6261901327175960e-05
+9.9970378951362293e-01  7.6405482096556575e-05
+9.9977526647063397e-01  6.6548315918449631e-05
+9.9983688593096998e-01  5.6690506511582501e-05
+9.9988864730670124e-01  4.6832167072388769e-05
+9.9993055013550092e-01  3.6973442042489140e-05
+9.9996259414836031e-01  2.7114606529411600e-05
+9.9998477963291743e-01  1.7256769798073734e-05
+9.9999711129807556e-01  7.4133382836920588e-06
