-9.9971372677344128e-01  7.3463449049659892e-04
-9.9849195063959584e-01  1.7093926535140603e-03
-9.9629513473312525e-01  2.6839253715513871e-03
-9.9312493703744342e-01  3.6559612013257726e-03
-9.8898439524299175e-01  4.6244500634245369e-03
-9.8387754070605704e-01  5.5884280038660493e-03
-9.7780935848691830e-01  6.5469484508467145e-03
-9.7078577576370628e-01  7.4990732554646063e-03
-9.6281365425581555e-01  8.4438714696693853e-03
-9.5390078292549174e-01  9.3804196536945595e-03
-9.4405587013625603e-01  1.0307802574868631e-02
-9.3328853504307951e-01  1.1225114023187280e-02
-9.2160929814533388e-01  1.2131457662979661e-02
-9.0902957098252957e-01  1.3025947892972201e-02
-8.9556164497072710e-01  1.3907710703718507e-02
-8.8121867938501841e-01  1.4775884527441099e-02
-8.6601468849716468e-01  1.5629621077545879e-02
-8.4996452787959131e-01  1.6468086176145248e-02
-8.3308387988840082e-01  1.7290460568323729e-02
-8.1538923833917631e-01  1.8095940722128247e-02
-7.9689789239031450e-01  1.8883739613375125e-02
-7.7762790964949546e-01  1.9653087494435329e-02
-7.5759811851970715e-01  2.0403232646209725e-02
-7.3682808980202075e-01  2.1133442112527750e-02
-7.1533811757305643e-01  2.1843002416247776e-02
-6.9314919935580199e-01  2.2531220256336283e-02
-6.7028301560314096e-01  2.3197423185254518e-02
-6.4676190851412929e-01  2.3840960265968294e-02
-6.2260886020370776e-01  2.4461202707957253e-02
-5.9784747024717877e-01  2.5057544481579781e-02
-5.7250193262138116e-01  2.5629402910208678e-02
-5.4659701206509426e-01  2.6176219239545877e-02
-5.2015801988176302e-01  2.6697459183571536e-02
-4.9321078920819089e-01  2.7192613446577377e-02
-4.6578164977335801e-01  2.7661198220792833e-02
-4.3789740217203144e-01  2.8102755659101638e-02
-4.0958529167830160e-01  2.8516854322395337e-02
-3.8087298162462990e-01  2.8903089601125611e-02
-3.5178852637242175e-01  2.9261084110638651e-02
-3.2236034390052914e-01  2.9590488059913041e-02
-2.9261718803847198e-01  2.9890979593333131e-02
-2.6258812037150342e-01  3.0162265105169502e-02
-2.3230248184497396e-01  3.0404079526455175e-02
-2.0178986409573607e-01  3.0616186583980780e-02
-1.7108008053860319e-01  3.0798379031152942e-02
-1.4020313723611397e-01  3.0950478850491382e-02
-1.0918920358006112e-01  3.1072337427566911e-02
-7.8068582813436621e-02  3.1163835696210274e-02
-4.6871682421591579e-02  3.1224884254849729e-02
-1.5628984421543111e-02  3.1255423453863722e-02
+1.5628984421543111e-02  3.1255423453863722e-02
+4.6871682421591579e-02  3.1224884254849729e-02
+7.8068582813436621e-02  3.1163835696210274e-02
+1.0918920358006112e-01  3.1072337427566911e-02
+1.4020313723611397e-01  3.0950478850491382e-02
+1.7108008053860319e-01  3.0798379031152942e-02
+2.0178986409573607e-01  3.0616186583980780e-02
+2.3230248184497396e-01  3.0404079526455175e-02
+2.6258812037150342e-01  3.0162265105169502e-02
+2.9261718803847198e-01  2.9890979593333131e-02
+3.2236034390052914e-01  2.9590488059913041e-02
+3.5178852637242175e-01  2.9261084110638651e-02
+3.8087298162462990e-01  2.8903089601125611e-02
+4.0958529167830160e-01  2.8516854322395337e-02
+4.3789740217203144e-01  2.8102755659101638e-02
+4.6578164977335801e-01  2.7661198220792833e-02
+4.9321078920819089e-01  2.7192613446577377e-02
+5.2015801988176302e-01  2.6697459183571536e-02
+5.4659701206509426e-01  2.6176219239545877e-02
+5.7250193262138116e-01  2.5629402910208678e-02
+5.9784747024717877e-01  2.5057544481579781e-02
+6.2260886020370776e-01  2.4461202707957253e-02
+6.4676190851412929e-01  2.3840960265968294e-02
+6.7028301560314096e-01  2.3197423185254518e-02
+6.9314919935580199e-01  2.2531220256336283e-02
+7.1533811757305643e-01  2.1843002416247776e-02
+7.3682808980202075e-01  2.1133442112527750e-02
+7.5759811851970715e-01  2.0403232646209725e-02
+7.7762790964949546e-01  1.9653087494435329e-02
+7.9689789239031450e-01  1.8883739613375125e-02
+8.1538923833917631e-01  1.8095940722128247e-02
+8.3308387988840082e-01  1.7290460568323729e-02
+8.4996452787959131e-01  1.6468086176145248e-02
+8.6601468849716468e-01  1.5629621077545879e-02
+8.8121867938501841e-01  1.4775884527441099e-02
+8.9556164497072710e-01  1.3907710703718507e-02
+9.0902957098252957e-01  1.3025947892972201e-02
+9.2160929814533388e-01  1.2131457662979661e-02
+9.3328853504307951e-01  1.1225114023187280e-02
+9.4405587013625603e-01  1.0307802574868631e-02
+9.5390078292549174e-01  9.3804196536945595e-03
+9.6281365425581555e-01  8.4438714696693853e-03
+9.7078577576370628e-01  7.4990732554646063e-03
+9.7780935848691830e-01  6.5469484508467145e-03
+9.8387754070605704e-01  5.5884280038660493e-03
+9.8898439524299175e-01  4.6244500634245369e-03
+9.9312493703744342e-01  3.6559612013257726e-03
+9.9629513473312525e-01  2.6839253715513871e-03
+9.9849195063959584e-01  1.7093926535140603e-03
+9.9971372677344128e-01  7.3463449049659892e-04
