-9.9999927746317030e-01 1.8542626342301962e-06
-9.9999619299844178e-01 4.3163660092521648e-06
-9.9999064381761904e-01 6.7821043911988547e-06
-9.9998262870186239e-01 9.2481427453606691e-06
-9.9997214751996788e-01 1.1714221854585062e-05
-9.9995920026173080e-01 1.4180291101750144e-05
-9.9994378694706865e-01 1.6646332633791608e-05
-9.9992590760908551e-01 1.9112336349474005e-05
-9.9990556228957139e-01 2.1578294508378075e-05
-9.9988275103750490e-01 2.4044200351574424e-05
-9.9985747390847179e-01 2.6510047399999363e-05
-9.9982973096441019e-01 2.8975829362822982e-05
-9.9979952227348856e-01 3.1441540090346563e-05
-9.9976684791004389e-01 3.3907173392639120e-05
-9.9973170795454680e-01 3.6372723175118567e-05
-9.9969410249358204e-01 3.8838183316443510e-05
-9.9965403161983679e-01 4.1303547721317880e-05
-9.9961149543209316e-01 4.3768810293843123e-05
-9.9956649403522324e-01 4.6233964950346186e-05
-9.9951902754018596e-01 4.8699005608636876e-05
-9.9946909606402479e-01 5.1163926182786516e-05
-9.9941669972986602e-01 5.3628720591615520e-05
-9.9936183866691752e-01 5.6093382752874283e-05
-9.9930451301046774e-01 5.8557906581808717e-05
-9.9924472290188471e-01 6.1022286007403788e-05
-9.9918246848861558e-01 6.3486514945467975e-05
-9.9911774992418589e-01 6.5950587314415191e-05
-9.9905056736819875e-01 6.8414497047214652e-05
-9.9898092098633473e-01 7.0878238057795923e-05
-9.9890881095035100e-01 7.3341804271499336e-05
-9.9883423743808086e-01 7.5805189613079791e-05
-9.9875720063343321e-01 7.8268388016015914e-05
-9.9867770072639239e-01 8.0731393392753103e-05
-9.9859573791301715e-01 8.3194199672983297e-05
-9.9851131239544044e-01 8.5656800780331064e-05
-9.9842442438186862e-01 8.8119190651369543e-05
-9.9833507408658151e-01 9.0581363199307956e-05
-9.9824326172993094e-01 9.3043312363824121e-05
-9.9814898753834103e-01 9.5505032068992835e-05
-9.9805225174430723e-01 9.7966516240050847e-05
-9.9795305458639560e-01 1.0042775881227300e-04
-9.9785139630924269e-01 1.0288875370851417e-04
-9.9774727716355416e-01 1.0534949487247966e-04
-9.9764069740610528e-01 1.0780997621822331e-04
-9.9753165729973892e-01 1.1027019169530770e-04
-9.9742015711336629e-01 1.1273013522043122e-04
-9.9730619712196500e-01 1.1518980074058024e-04
-9.9718977760657945e-01 1.1764918218003187e-04
-9.9707089885431932e-01 1.2010827347788800e-04
-9.9694956115835953e-01 1.2256706856810217e-04
-9.9682576481793883e-01 1.2502556138688689e-04
-9.9669951013835956e-01 1.2748374587414480e-04
-9.9657079743098675e-01 1.2994161596724486e-04
-9.9643962701324762e-01 1.3239916559818873e-04
-9.9630599920862994e-01 1.3485638871119456e-04
-9.9616991434668234e-01 1.3731327924645795e-04
-9.9603137276301268e-01 1.3976983114530886e-04
-9.9589037479928766e-01 1.4222603834835695e-04
-9.9574692080323179e-01 1.4468189479760826e-04
-9.9560101112862653e-01 1.4713739443799958e-04
-9.9545264613530948e-01 1.4959253121436304e-04
-9.9530182618917362e-01 1.5204729906715514e-04
-9.9514855166216598e-01 1.5450169194795670e-04
-9.9499282293228719e-01 1.5695570380185207e-04
-9.9483464038359037e-01 1.5940932857534117e-04
-9.9467400440618003e-01 1.6186256021997973e-04
-9.9451091539621139e-01 1.6431539268443486e-04
-9.9434537375588927e-01 1.6676781991732911e-04
-9.9417737989346688e-01 1.6921983587510898e-04
-9.9400693422324526e-01 1.7167143450775590e-04
-9.9383403716557184e-01 1.7412260977240479e-04
-9.9365868914683986e-01 1.7657335561822071e-04
-9.9348089059948663e-01 1.7902366600742675e-04
-9.9330064196199330e-01 1.8147353489219253e-04
-9.9311794367888306e-01 1.8392295623283133e-04
-9.9293279620072039e-01 1.8637192399025012e-04
-9.9274519998411004e-01 1.8882043212190241e-04
-9.9255515549169560e-01 1.9126847459241170e-04
-9.9236266319215849e-01 1.9371604536212397e-04
-9.9216772356021710e-01 1.9616313839502668e-04
-9.9197033707662507e-01 1.9860974765707531e-04
-9.9177050422817048e-01 2.0105586711496314e-04
-9.9156822550767465e-01 2.0350149073401942e-04
-9.9136350141399066e-01 2.0594661248484895e-04
-9.9115633245200230e-01 2.0839122633920965e-04
-9.9094671913262311e-01 2.1083532626304654e-04
-9.9073466197279447e-01 2.1327890623206854e-04
-9.9052016149548483e-01 2.1572196021989984e-04
-9.9030321822968814e-01 2.1816448220365338e-04
-9.9008383271042311e-01 2.2060646615319871e-04
-9.8986200547873082e-01 2.2304790605248251e-04
-9.8963773708167446e-01 2.2548879587839065e-04
-9.8941102807233738e-01 2.2792912961206859e-04
-9.8918187900982202e-01 2.3036890123342562e-04
-9.8895029045924832e-01 2.3280810472531917e-04
-9.8871626299175230e-01 2.3524673407404107e-04
-9.8847979718448487e-01 2.3768478326575274e-04
-9.8824089362061029e-01 2.4012224628705231e-04
-9.8799955288930474e-01 2.4255911712683088e-04
-9.8775577558575489e-01 2.4499538977439399e-04
-9.8750956231115627e-01 2.4743105822324474e-04
-9.8726091367271218e-01 2.4986611646364733e-04
-9.8700983028363154e-01 2.5230055849462913e-04
-9.8675631276312814e-01 2.5473437830971966e-04
-9.8650036173641864e-01 2.5716756990644055e-04
-9.8624197783472101e-01 2.5960012728564494e-04
-9.8598116169525329e-01 2.6203204444636688e-04
-9.8571791396123154e-01 2.6446331539476032e-04
-9.8545223528186898e-01 2.6689393412993419e-04
-9.8518412631237351e-01 2.6932389466108596e-04
-9.8491358771394677e-01 2.7175319099449687e-04
-9.8464062015378229e-01 2.7418181713792701e-04
-9.8436522430506368e-01 2.7660976710296549e-04
-9.8408740084696311e-01 2.7903703490350992e-04
-9.8380715046463985e-01 2.8146361455144497e-04
-9.8352447384923813e-01 2.8388950006377387e-04
-9.8323937169788589e-01 2.8631468545669371e-04
-9.8295184471369279e-01 2.8873916474828515e-04
-9.8266189360574829e-01 2.9116293196278529e-04
-9.8236951908912051e-01 2.9358598111996258e-04
-9.8207472188485401e-01 2.9600830624324371e-04
-9.8177750271996778e-01 2.9842990136256419e-04
-9.8147786232745415e-01 3.0085076050370880e-04
-9.8117580144627647e-01 3.0327087769675774e-04
-9.8087132082136752e-01 3.0569024697157899e-04
-9.8056442120362730e-01 3.0810886236447055e-04
-9.8025510334992172e-01 3.1052671790908248e-04
-9.7994336802308046e-01 3.1294380764136382e-04
-9.7962921599189479e-01 3.1536012560379905e-04
-9.7931264803111640e-01 3.1777566583400535e-04
-9.7899366492145468e-01 3.2019042237751256e-04
-9.7867226744957547e-01 3.2260438927753164e-04
-9.7834845640809875e-01 3.2501756058044262e-04
-9.7802223259559662e-01 3.2742993033686702e-04
-9.7769359681659174e-01 3.2984149259512679e-04
-9.7736254988155491e-01 3.3225224140844505e-04
-9.7702909260690307e-01 3.3466217083445867e-04
-9.7669322581499796e-01 3.3707127492566658e-04
-9.7635495033414310e-01 3.3947954774342511e-04
-9.7601426699858251e-01 3.4188698334770379e-04
-9.7567117664849834e-01 3.4429357580097783e-04
-9.7532568013000875e-01 3.4669931916882446e-04
-9.7497777829516596e-01 3.4910420751865204e-04
-9.7462747200195410e-01 3.5150823491901024e-04
-9.7427476211428732e-01 3.5391139544059476e-04
-9.7391964950200693e-01 3.5631368315862746e-04
-9.7356213504088029e-01 3.5871509214640635e-04
-9.7320221961259779e-01 3.6111561648304323e-04
-9.7283990410477106e-01 3.6351525024893135e-04
-9.7247518941093092e-01 3.6591398752437265e-04
-9.7210807643052477e-01 3.6831182239465435e-04
-9.7173856606891462e-01 3.7070874894677420e-04
-9.7136665923737497e-01 3.7310476126805372e-04
-9.7099235685309015e-01 3.7549985345166731e-04
-9.7061565983915254e-01 3.7789401959005325e-04
-9.7023656912456013e-01 3.8028725377747179e-04
-9.6985508564421385e-01 3.8267955011431790e-04
-9.6947121033891603e-01 3.8507090269822156e-04
-9.6908494415536728e-01 3.8746130563329577e-04
-9.6869628804616470e-01 3.8985075302364020e-04
-9.6830524296979925e-01 3.9223923897728085e-04
-9.6791180989065362e-01 3.9462675760274402e-04
-9.6751598977899955e-01 3.9701330301268470e-04
-9.6711778361099576e-01 3.9939886932080726e-04
-9.6671719236868514e-01 4.0178345064571151e-04
-9.6631421703999287e-01 4.0416704110494517e-04
-9.6590885861872355e-01 4.0654963482021319e-04
-9.6550111810455885e-01 4.0893122591610279e-04
-9.6509099650305508e-01 4.1131180851971925e-04
-9.6467849482564083e-01 4.1369137675887534e-04
-9.6426361408961414e-01 4.1606992476679269e-04
-9.6384635531814056e-01 4.1844744667517153e-04
-9.6342671954024983e-01 4.2082393662296638e-04
-9.6300470779083402e-01 4.2319938874925281e-04
-9.6258032111064484e-01 4.2557379719464553e-04
-9.6215356054629086e-01 4.2794715610334913e-04
-9.6172442715023498e-01 4.3031945962309747e-04
-9.6129292198079208e-01 4.3269070190236274e-04
-9.6085904610212602e-01 4.3506087709427701e-04
-9.6042280058424734e-01 4.3742997935334763e-04
-9.5998418650301054e-01 4.3979800283666529e-04
-9.5954320494011125e-01 4.4216494170528048e-04
-9.5909985698308386e-01 4.4453079012125380e-04
-9.5865414372529878e-01 4.4689554224858712e-04
-9.5820606626595928e-01 4.4925919225752601e-04
-9.5775562571009942e-01 4.5162173431826654e-04
-9.5730282316858106e-01 4.5398316260385414e-04
-9.5684765975809094e-01 4.5634347129166976e-04
-9.5639013660113836e-01 4.5870265455912236e-04
-9.5593025482605187e-01 4.6106070658944370e-04
-9.5546801556697691e-01 4.6341762156694802e-04
-9.5500341996387283e-01 4.6577339367942174e-04
-9.5453646916251023e-01 4.6812801711630984e-04
-9.5406716431446792e-01 4.7048148607057520e-04
-9.5359550657712999e-01 4.7283379474036892e-04
-9.5312149711368366e-01 4.7518493732152424e-04
-9.5264513709311538e-01 4.7753490801772443e-04
-9.5216642769020876e-01 4.7988370103292552e-04
-9.5168537008554133e-01 4.8223131057429481e-04
-9.5120196546548164e-01 4.8457773085225749e-04
-9.5071621502218628e-01 4.8692295608107589e-04
-9.5022811995359724e-01 4.8926698047630011e-04
-9.4973768146343862e-01 4.9160979825721906e-04
-9.4924490076121382e-01 4.9395140364608646e-04
-9.4874977906220259e-01 4.9629179086732047e-04
-9.4825231758745765e-01 4.9863095415169820e-04
-9.4775251756380263e-01 5.0096888772669745e-04
-9.4725038022382768e-01 5.0330558582997568e-04
-9.4674590680588766e-01 5.0564104269745888e-04
-9.4623909855409849e-01 5.0797525256915865e-04
-9.4572995671833415e-01 5.1030820968825765e-04
-9.4521848255422347e-01 5.1263990830276922e-04
-9.4470467732314745e-01 5.1497034266125799e-04
-9.4418854229223581e-01 5.1729950701616043e-04
-9.4367007873436382e-01 5.1962739562426386e-04
-9.4314928792814934e-01 5.2195400274494255e-04
-9.4262617115794978e-01 5.2427932263874580e-04
-9.4210072971385861e-01 5.2660334957283547e-04
-9.4157296489170239e-01 5.2892607781407006e-04
-9.4104287799303743e-01 5.3124750163532789e-04
-9.4051047032514679e-01 5.3356761531119282e-04
-9.3997574320103683e-01 5.3588641312011772e-04
-9.3943869793943413e-01 5.3820388934362718e-04
-9.3889933586478214e-01 5.4052003826684646e-04
-9.3835765830723816e-01 5.4283485417630679e-04
-9.3781366660266952e-01 5.4514833136494142e-04
-9.3726736209265094e-01 5.4746046412605578e-04
-9.3671874612446071e-01 5.4977124675801333e-04
-9.3616782005107768e-01 5.5208067356168314e-04
-9.3561458523117758e-01 5.5438873884305201e-04
-9.3505904302913023e-01 5.5669543690837662e-04
-9.3450119481499561e-01 5.5900076206978893e-04
-9.3394104196452077e-01 5.6130470864184767e-04
-9.3337858585913647e-01 5.6360727094190860e-04
-9.3281382788595346e-01 5.6590844329264017e-04
-9.3224676943775953e-01 5.6820822001809473e-04
-9.3167741191301556e-01 5.7050659544774355e-04
-9.3110575671585272e-01 5.7280356391173316e-04
-9.3053180525606816e-01 5.7509911974709443e-04
-9.2995555894912241e-01 5.7739325729128056e-04
-9.2937701921613525e-01 5.7968597088694813e-04
-9.2879618748388237e-01 5.8197725488070445e-04
-9.2821306518479230e-01 5.8426710361984173e-04
-9.2762765375694189e-01 5.8655551145965306e-04
-9.2703995464405387e-01 5.8884247275537186e-04
-9.2644996929549261e-01 5.9112798186662608e-04
-9.2585769916626071e-01 5.9341203315734588e-04
-9.2526314571699531e-01 5.9569462099532408e-04
-9.2466631041396496e-01 5.9797573974955940e-04
-9.2406719472906518e-01 6.0025538379620885e-04
-9.2346580013981561e-01 6.0253354751242172e-04
-9.2286212812935586e-01 6.0481022528056580e-04
-9.2225618018644229e-01 6.0708541148501809e-04
-9.2164795780544384e-01 6.0935910051527640e-04
-9.2103746248633867e-01 6.1163128676429055e-04
-9.2042469573471053e-01 6.1390196462752622e-04
-9.1980965906174461e-01 6.1617112850638532e-04
-9.1919235398422439e-01 6.1843877280393555e-04
-9.1857278202452741e-01 6.2070489192827649e-04
-9.1795094471062189e-01 6.2296948029043949e-04
-9.1732684357606276e-01 6.2523253230507142e-04
-9.1670048015998773e-01 6.2749404239211416e-04
-9.1607185600711394e-01 6.2975400497338894e-04
-9.1544097266773361e-01 6.3201241447646047e-04
-9.1480783169771074e-01 6.3426926533099732e-04
-9.1417243465847697e-01 6.3652455197086503e-04
-9.1353478311702763e-01 6.3877826883496362e-04
-9.1289487864591812e-01 6.4103041036525274e-04
-9.1225272282326009e-01 6.4328097100673171e-04
-9.1160831723271707e-01 6.4552994521043438e-04
-9.1096166346350127e-01 6.4777732742882308e-04
-9.1031276311036913e-01 6.5002311211930907e-04
-9.0966161777361731e-01 6.5226729374477611e-04
-9.0900822905907930e-01 6.5450986677006203e-04
-9.0835259857812112e-01 6.5675082566375460e-04
-9.0769472794763706e-01 6.5899016490066629e-04
-9.0703461879004632e-01 6.6122787895732816e-04
-9.0637227273328858e-01 6.6346396231512601e-04
-9.0570769141081997e-01 6.6569840945992337e-04
-9.0504087646160924e-01 6.6793121488142133e-04
-9.0437182953013373e-01 6.7016237307268827e-04
-9.0370055226637513e-01 6.7239187853115098e-04
-9.0302704632581554e-01 6.7461972575849182e-04
-9.0235131336943331e-01 6.7684590926058471e-04
-9.0167335506369883e-01 6.7907042354817780e-04
-9.0099317308057103e-01 6.8129326313360456e-04
-9.0031076909749230e-01 6.8351442253620880e-04
-8.9962614479738512e-01 6.8573389627799226e-04
-8.9893930186864757e-01 6.8795167888541188e-04
-8.9825024200514936e-01 6.9016776488838179e-04
-8.9755896690622738e-01 6.9238214882199061e-04
-8.9686547827668162e-01 6.9459482522593282e-04
-8.9616977782677121e-01 6.9680578864250253e-04
-8.9547186727220984e-01 6.9901503361939231e-04
-8.9477174833416173e-01 7.0122255470843429e-04
-8.9406942273923740e-01 7.0342834646510582e-04
-8.9336489221948934e-01 7.0563240344931138e-04
-8.9265815851240760e-01 7.0783472022628428e-04
-8.9194922336091575e-01 7.1003529136480135e-04
-8.9123808851336672e-01 7.1223411143676450e-04
-8.9052475572353784e-01 7.1443117502077366e-04
-8.8980922675062724e-01 7.1662647669798127e-04
-8.8909150335924925e-01 7.1882001105359544e-04
-8.8837158731942956e-01 7.2101177267977924e-04
-8.8764948040660185e-01 7.2320175616982492e-04
-8.8692518440160262e-01 7.2538995612295284e-04
-8.8619870109066690e-01 7.2757636714340798e-04
-8.8547003226542420e-01 7.2976098383857851e-04
-8.8473917972289373e-01 7.3194380082130411e-04
-8.8400614526548027e-01 7.3412481270775055e-04
-8.8327093070096929e-01 7.3630401412022053e-04
-8.8253353784252320e-01 7.3848139968301437e-04
-8.8179396850867597e-01 7.4065696402759475e-04
-8.8105222452332954e-01 7.4283070178755210e-04
-8.8030830771574853e-01 7.4500260760322157e-04
-8.7956221992055639e-01 7.4717267611762190e-04
-8.7881396297773040e-01 7.4934090197948332e-04
-8.7806353873259757e-01 7.5150727984073240e-04
-8.7731094903582951e-01 7.5367180435961508e-04
-8.7655619574343846e-01 7.5583447019755162e-04
-8.7579928071677227e-01 7.5799527202142657e-04
-8.7504020582251019e-01 7.6015420450174721e-04
-8.7427897293265777e-01 7.6231126231504523e-04
-8.7351558392454298e-01 7.6446644014033368e-04
-8.7275004068081052e-01 7.6661973266450151e-04
-8.7198234508941841e-01 7.6877113457567050e-04
-8.7121249904363240e-01 7.7092064056840011e-04
-8.7044050444202170e-01 7.7306824534163678e-04
-8.6966636318845403e-01 7.7521394359985815e-04
-8.6889007719209155e-01 7.7735773004990714e-04
-8.6811164836738519e-01 7.7949959940622606e-04
-8.6733107863407077e-01 7.8163954638633037e-04
-8.6654836991716400e-01 7.8377756571210773e-04
-8.6576352414695545e-01 7.8591365211135261e-04
-8.6497654325900619e-01 7.8804780031599669e-04
-8.6418742919414282e-01 7.9018000506270918e-04
-8.6339618389845263e-01 7.9231026109332400e-04
-8.6260280932327893e-01 7.9443856315441379e-04
-8.6180730742521616e-01 7.9656490599736831e-04
-8.6100968016610535e-01 7.9868928437713631e-04
-8.6020992951302855e-01 8.0081169305604226e-04
-8.5940805743830484e-01 8.0293212679915843e-04
-8.5860406591948490e-01 8.0505058037740398e-04
-8.5779795693934646e-01 8.0716704856592615e-04
-8.5698973248588906e-01 8.0928152614569507e-04
-8.5617939455232950e-01 8.1139400790178849e-04
-8.5536694513709677e-01 8.1350448862443805e-04
-8.5455238624382712e-01 8.1561296310861398e-04
-8.5373571988135910e-01 8.1771942615449793e-04
-8.5291694806372853e-01 8.1982387256780275e-04
-8.5209607281016375e-01 8.2192629715849730e-04
-8.5127309614508062e-01 8.2402669474108384e-04
-8.5044802009807730e-01 8.2612506013581618e-04
-8.4962084670392923e-01 8.2822138816854849e-04
-8.4879157800258476e-01 8.3031567366786431e-04
-8.4796021603915894e-01 8.3240791147053399e-04
-8.4712676286392985e-01 8.3449809641511768e-04
-8.4629122053233219e-01 8.3658622334838802e-04
-8.4545359110495333e-01 8.3867228711996381e-04
-8.4461387664752763e-01 8.4075628258517413e-04
-8.4377207923093145e-01 8.4283820460466659e-04
-8.4292820093117804e-01 8.4491804804437236e-04
-8.4208224382941266e-01 8.4699580777435339e-04
-8.4123421001190690e-01 8.4907147867143459e-04
-8.4038410157005428e-01 8.5114505561569498e-04
-8.3953192060036441e-01 8.5321653349369904e-04
-8.3867766920445808e-01 8.5528590719737300e-04
-8.3782134948906228e-01 8.5735317162281117e-04
-8.3696296356600486e-01 8.5941832167128187e-04
-8.3610251355220888e-01 8.6148135225109146e-04
-8.3524000156968836e-01 8.6354225827310507e-04
-8.3437542974554191e-01 8.6560103465615340e-04
-8.3350880021194862e-01 8.6765767632156839e-04
-8.3264011510616176e-01 8.6971217819831182e-04
-8.3176937657050432e-01 8.7176453521893376e-04
-8.3089658675236322e-01 8.7381474232212195e-04
-8.3002174780418403e-01 8.7586279445262861e-04
-8.2914486188346626e-01 8.7790868655846053e-04
-8.2826593115275726e-01 8.7995241359438837e-04
-8.2738495777964727e-01 8.8199397052050659e-04
-8.2650194393676402e-01 8.8403335230212161e-04
-8.2561689180176745e-01 8.8607055390967668e-04
-8.2472980355734438e-01 8.8810557031850589e-04
-8.2384068139120270e-01 8.9013839651066312e-04
-8.2294952749606665e-01 8.9216902747211557e-04
-8.2205634406967065e-01 8.9419745819595471e-04
-8.2116113331475471e-01 8.9622368367888502e-04
-8.2026389743905825e-01 8.9824769892434746e-04
-8.1936463865531506e-01 9.0026949894102932e-04
-8.1846335918124802e-01 9.0228907874178536e-04
-8.1756006123956282e-01 9.0430643334745168e-04
-8.1665474705794372e-01 9.0632155778127535e-04
-8.1574741886904667e-01 9.0833444707513473e-04
-8.1483807891049509e-01 9.1034509626371132e-04
-8.1392672942487332e-01 9.1235350038922579e-04
-8.1301337265972173e-01 9.1435965449851995e-04
-8.1209801086753108e-01 9.1636355364353684e-04
-8.1118064630573672e-01 9.1836519288249143e-04
-8.1026128123671304e-01 9.2036456727953477e-04
-8.0933991792776827e-01 9.2236167190341519e-04
-8.0841655865113848e-01 9.2435650182920849e-04
-8.0749120568398225e-01 9.2634905213696448e-04
-8.0656386130837476e-01 9.2833931791312825e-04
-8.0563452781130251e-01 9.3032729424906554e-04
-8.0470320748465740e-01 9.3231297624227227e-04
-8.0376990262523129e-01 9.3429635899537481e-04
-8.0283461553471003e-01 9.3627743761757207e-04
-8.0189734851966821e-01 9.3825620722279919e-04
-8.0095810389156308e-01 9.4023266293126755e-04
-8.0001688396672910e-01 9.4220679986872216e-04
-7.9907369106637216e-01 9.4417861316635346e-04
-7.9812852751656382e-01 9.4614809796137486e-04
-7.9718139564823542e-01 9.4811524939724800e-04
-7.9623229779717286e-01 9.5008006262189222e-04
-7.9528123630401015e-01 9.5204253279019006e-04
-7.9432821351422411e-01 9.5400265506232580e-04
-7.9337323177812846e-01 9.5596042460423204e-04
-7.9241629345086795e-01 9.5791583658785405e-04
-7.9145740089241268e-01 9.5986888619062718e-04
-7.9049655646755213e-01 9.6181956859621562e-04
-7.8953376254588947e-01 9.6376787899381581e-04
-7.8856902150183572e-01 9.6571381257829912e-04
-7.8760233571460370e-01 9.6765736455085329e-04
-7.8663370756820228e-01 9.6959853011855269e-04
-7.8566313945143063e-01 9.7153730449397666e-04
-7.8469063375787218e-01 9.7347368289564811e-04
-7.8371619288588867e-01 9.7540766054838115e-04
-7.8273981923861435e-01 9.7733923268273899e-04
-7.8176151522395010e-01 9.7926839453491617e-04
-7.8078128325455731e-01 9.8119514134736526e-04
-7.7979912574785204e-01 9.8311946836846832e-04
-7.7881504512599908e-01 9.8504137085253757e-04
-7.7782904381590601e-01 9.8696084405957229e-04
-7.7684112424921703e-01 9.8887788325589246e-04
-7.7585128886230714e-01 9.9079248371379243e-04
-7.7485954009627600e-01 9.9270464071172658e-04
-7.7386588039694204e-01 9.9461434953402607e-04
-7.7287031221483649e-01 9.9652160547057450e-04
-7.7187283800519690e-01 9.9842640381848642e-04
-7.7087346022796188e-01 1.0003287398792325e-03
-7.6987218134776403e-01 1.0022286089622523e-03
-7.6886900383392465e-01 1.0041260063820840e-03
-7.6786393016044763e-01 1.0060209274584864e-03
-7.6685696280601257e-01 1.0079133675193097e-03
-7.6584810425396954e-01 1.0098033218973034e-03
-7.6483735699233280e-01 1.0116907859307011e-03
-7.6382472351377395e-01 1.0135757549657269e-03
-7.6281020631561669e-01 1.0154582243535150e-03
-7.6179380789983042e-01 1.0173381894508255e-03
-7.6077553077302351e-01 1.0192156456221863e-03
-7.5975537744643784e-01 1.0210905882371793e-03
-7.5873335043594226e-01 1.0229630126718679e-03
-7.5770945226202635e-01 1.0248329143087171e-03
-7.5668368544979447e-01 1.0267002885358523e-03
-7.5565605252895918e-01 1.0285651307483656e-03
-7.5462655603383522e-01 1.0304274363472170e-03
-7.5359519850333323e-01 1.0322872007396953e-03
-7.5256198248095363e-01 1.0341444193388098e-03
-7.5152691051477993e-01 1.0359990875647160e-03
-7.5048998515747278e-01 1.0378512008437466e-03
-7.4945120896626372e-01 1.0397007546079516e-03
-7.4841058450294862e-01 1.0415477442962183e-03
-7.4736811433388173e-01 1.0433921653530051e-03
-7.4632380102996865e-01 1.0452340132306992e-03
-7.4527764716666101e-01 1.0470732833861205e-03
-7.4422965532394925e-01 1.0489099712835308e-03
-7.4317982808635663e-01 1.0507440723934078e-03
-7.4212816804293280e-01 1.0525755821926067e-03
-7.4107467778724745e-01 1.0544044961642346e-03
-7.4001935991738388e-01 1.0562308097977918e-03
-7.3896221703593257e-01 1.0580545185892856e-03
-7.3790325174998461e-01 1.0598756180417730e-03
-7.3684246667112585e-01 1.0616941036632923e-03
-7.3577986441542975e-01 1.0635099709694004e-03
-7.3471544760345120e-01 1.0653232154822626e-03
-7.3364921886022039e-01 1.0671338327294208e-03
-7.3258118081523571e-01 1.0689418182460006e-03
-7.3151133610245767e-01 1.0707471675734344e-03
-7.3043968736030251e-01 1.0725498762589039e-03
-7.2936623723163529e-01 1.0743499398569987e-03
-7.2829098836376371e-01 1.0761473539282929e-03
-7.2721394340843137e-01 1.0779421140402711e-03
-7.2613510502181144e-01 1.0797342157665211e-03
-7.2505447586449989e-01 1.0815236546874250e-03
-7.2397205860150915e-01 1.0833104263901848e-03
-7.2288785590226134e-01 1.0850945264677377e-03
-7.2180187044058164e-01 1.0868759505208454e-03
-7.2071410489469201e-01 1.0886546941559553e-03
-7.1962456194720437e-01 1.0904307529862628e-03
-7.1853324428511389e-01 1.0922041226319801e-03
-7.1744015459979260e-01 1.0939747987195670e-03
-7.1634529558698257e-01 1.0957427768823376e-03
-7.1524866994678937e-01 1.0975080527600664e-03
-7.1415028038367545e-01 1.0992706219990183e-03
-7.1305012960645320e-01 1.1010304802527161e-03
-7.1194822032827865e-01 1.1027876231807323e-03
-7.1084455526664425e-01 1.1045420464503909e-03
-7.0973913714337300e-01 1.1062937457342367e-03
-7.0863196868461087e-01 1.1080427167126637e-03
-7.0752305262082060e-01 1.1097889550722773e-03
-7.0641239168677483e-01 1.1115324565064326e-03
-7.0529998862154919e-01 1.1132732167157676e-03
-7.0418584616851587e-01 1.1150112314069868e-03
-7.0306996707533664e-01 1.1167464962938186e-03
-7.0195235409395607e-01 1.1184790070969432e-03
-7.0083300998059483e-01 1.1202087595435055e-03
-6.9971193749574268e-01 1.1219357493682366e-03
-6.9858913940415224e-01 1.1236599723112282e-03
-6.9746461847483132e-01 1.1253814241208584e-03
-6.9633837748103689e-01 1.1271001005512898e-03
-6.9521041920026749e-01 1.1288159973646072e-03
-6.9408074641425721e-01 1.1305291103285949e-03
-6.9294936190896816e-01 1.1322394352184842e-03
-6.9181626847458377e-01 1.1339469678166771e-03
-6.9068146890550219e-01 1.1356517039117419e-03
-6.8954496600032900e-01 1.1373536392997833e-03
-6.8840676256187061e-01 1.1390527697833365e-03
-6.8726686139712723e-01 1.1407490911719705e-03
-6.8612526531728579e-01 1.1424425992825819e-03
-6.8498197713771336e-01 1.1441332899384726e-03
-6.8383699967794986e-01 1.1458211589702606e-03
-6.8269033576170135e-01 1.1475062022153575e-03
-6.8154198821683298e-01 1.1491884155180377e-03
-6.8039195987536194e-01 1.1508677947298185e-03
-6.7924025357345064e-01 1.1525443357088773e-03
-6.7808687215139940e-01 1.1542180343210636e-03
-6.7693181845364003e-01 1.1558888864381946e-03
-6.7577509532872826e-01 1.1575568879396523e-03
-6.7461670562933673e-01 1.1592220347123457e-03
-6.7345665221224837e-01 1.1608843226495378e-03
-6.7229493793834905e-01 1.1625437476517880e-03
-6.7113156567262067e-01 1.1642003056263779e-03
-6.6996653828413388e-01 1.1658539924881159e-03
-6.6879985864604108e-01 1.1675048041591277e-03
-6.6763152963556971e-01 1.1691527365676119e-03
-6.6646155413401453e-01 1.1707977856497830e-03
-6.6528993502673084e-01 1.1724399473489484e-03
-6.6411667520312756e-01 1.1740792176148740e-03
-6.6294177755665984e-01 1.1757155924047016e-03
-6.6176524498482170e-01 1.1773490676833735e-03
-6.6058708038913949e-01 1.1789796394221167e-03
-6.5940728667516424e-01 1.1806073035997722e-03
-6.5822586675246464e-01 1.1822320562023887e-03
-6.5704282353462007e-01 1.1838538932226845e-03
-6.5585815993921293e-01 1.1854728106614105e-03
-6.5467187888782208e-01 1.1870888045255278e-03
-6.5348398330601498e-01 1.1887018708301340e-03
-6.5229447612334102e-01 1.1903120055969422e-03
-6.5110336027332394e-01 1.1919192048551578e-03
-6.4991063869345478e-01 1.1935234646411189e-03
-6.4871631432518462e-01 1.1951247809983767e-03
-6.4752039011391715e-01 1.1967231499779110e-03
-6.4632286900900160e-01 1.1983185676380519e-03
-6.4512375396372545e-01 1.1999110300440765e-03
-6.4392304793530719e-01 1.2015005332684553e-03
-6.4272075388488870e-01 1.2030870733915722e-03
-6.4151687477752828e-01 1.2046706465007853e-03
-6.4031141358219346e-01 1.2062512486903511e-03
-6.3910437327175318e-01 1.2078288760624719e-03
-6.3789575682297084e-01 1.2094035247265018e-03
-6.3668556721649683e-01 1.2109751907992182e-03
-6.3547380743686133e-01 1.2125438704043907e-03
-6.3426048047246686e-01 1.2141095596731385e-03
-6.3304558931558053e-01 1.2156722547448161e-03
-6.3182913696232734e-01 1.2172319517653155e-03
-6.3061112641268247e-01 1.2187886468879652e-03
-6.2939156067046376e-01 1.2203423362736881e-03
-6.2817044274332423e-01 1.2218930160913413e-03
-6.2694777564274529e-01 1.2234406825161058e-03
-6.2572356238402860e-01 1.2249853317312300e-03
-6.2449780598628879e-01 1.2265269599276993e-03
-6.2327050947244633e-01 1.2280655633034945e-03
-6.2204167586921988e-01 1.2296011380640006e-03
-6.2081130820711872e-01 1.2311336804223323e-03
-6.1957940952043533e-01 1.2326631865991439e-03
-6.1834598284723818e-01 1.2341896528220960e-03
-6.1711103122936384e-01 1.2357130753267618e-03
-6.1587455771240962e-01 1.2372334503562019e-03
-6.1463656534572619e-01 1.2387507741608518e-03
-6.1339705718240978e-01 1.2402650429990487e-03
-6.1215603627929516e-01 1.2417762531358261e-03
-6.1091350569694747e-01 1.2432844008445558e-03
-6.0966946849965509e-01 1.2447894824058315e-03
-6.0842392775542187e-01 1.2462914941081110e-03
-6.0717688653595980e-01 1.2477904322469081e-03
-6.0592834791668126e-01 1.2492862931256018e-03
-6.0467831497669133e-01 1.2507790730553743e-03
-6.0342679079878059e-01 1.2522687683544495e-03
-6.0217377846941700e-01 1.2537553753493118e-03
-6.0091928107873860e-01 1.2552388903735534e-03
-5.9966330172054605e-01 1.2567193097686050e-03
-5.9840584349229453e-01 1.2581966298836368e-03
-5.9714690949508664e-01 1.2596708470749573e-03
-5.9588650283366407e-01 1.2611419577074306e-03
-5.9462462661640081e-01 1.2626099581525255e-03
-5.9336128395529464e-01 1.2640748447902690e-03
-5.9209647796595999e-01 1.2655366140080046e-03
-5.9083021176762018e-01 1.2669952622005793e-03
-5.8956248848309956e-01 1.2684507857707889e-03
-5.8829331123881590e-01 1.2699031811290204e-03
-5.8702268316477269e-01 1.2713524446934640e-03
-5.8575060739455131e-01 1.2727985728901755e-03
-5.8447708706530366e-01 1.2742415621524849e-03
-5.8320212531774396e-01 1.2756814089217275e-03
-5.8192572529614117e-01 1.2771181096473561e-03
-5.8064789014831131e-01 1.2785516607859745e-03
-5.7936862302560987e-01 1.2799820588021607e-03
-5.7808792708292367e-01 1.2814093001682428e-03
-5.7680580547866311e-01 1.2828333813646312e-03
-5.7552226137475471e-01 1.2842542988792073e-03
-5.7423729793663292e-01 1.2856720492079277e-03
-5.7295091833323275e-01 1.2870866288541610e-03
-5.7166312573698164e-01 1.2884980343291809e-03
-5.7037392332379155e-01 1.2899062621524392e-03
-5.6908331427305137e-01 1.2913113088510609e-03
-5.6779130176761905e-01 1.2927131709598823e-03
-5.6649788899381359e-01 1.2941118450217814e-03
-5.6520307914140744e-01 1.2955073275872230e-03
-5.6390687540361839e-01 1.2968996152147077e-03
-5.6260928097710172e-01 1.2982887044707761e-03
-5.6131029906194252e-01 1.2996745919295091e-03
-5.6000993286164746e-01 1.3010572741733526e-03
-5.5870818558313740e-01 1.3024367477920255e-03
-5.5740506043673876e-01 1.3038130093838956e-03
-5.5610056063617641e-01 1.3051860555545899e-03
-5.5479468939856513e-01 1.3065558829180033e-03
-5.5348744994440191e-01 1.3079224880959872e-03
-5.5217884549755791e-01 1.3092858677184699e-03
-5.5086887928527095e-01 1.3106460184225991e-03
-5.4955755453813682e-01 1.3120029368542843e-03
-5.4824487449010173e-01 1.3133566196672584e-03
-5.4693084237845446e-01 1.3147070635229354e-03
-5.4561546144381801e-01 1.3160542650911180e-03
-5.4429873493014203e-01 1.3173982210490634e-03
-5.4298066608469431e-01 1.3187389280827132e-03
-5.4166125815805333e-01 1.3200763828853680e-03
-5.4034051440409980e-01 1.3214105821587631e-03
-5.3901843808000893e-01 1.3227415226123977e-03
-5.3769503244624206e-01 1.3240692009641973e-03
-5.3637030076653902e-01 1.3253936139397606e-03
-5.3504424630790992e-01 1.3267147582727869e-03
-5.3371687234062681e-01 1.3280326307051487e-03
-5.3238818213821615e-01 1.3293472279868636e-03
-5.3105817897745022e-01 1.3306585468760067e-03
-5.2972686613833964e-01 1.3319665841381900e-03
-5.2839424690412440e-01 1.3332713365481026e-03
-5.2706032456126684e-01 1.3345728008874670e-03
-5.2572510239944237e-01 1.3358709739472736e-03
-5.2438858371153252e-01 1.3371658525255679e-03
-5.2305077179361603e-01 1.3384574334290075e-03
-5.2171166994496088e-01 1.3397457134725801e-03
-5.2037128146801648e-01 1.3410306894787948e-03
-5.1902960966840495e-01 1.3423123582791091e-03
-5.1768665785491363e-01 1.3435907167123954e-03
-5.1634242933948638e-01 1.3448657616261768e-03
-5.1499692743721570e-01 1.3461374898758949e-03
-5.1365015546633441e-01 1.3474058983253784e-03
-5.1230211674820769e-01 1.3486709838462989e-03
-5.1095281460732456e-01 1.3499327433188647e-03
-5.0960225237128998e-01 1.3511911736312223e-03
-5.0825043337081621e-01 1.3524462716803436e-03
-5.0689736093971538e-01 1.3536980343704817e-03
-5.0554303841489057e-01 1.3549464586145366e-03
-5.0418746913632750e-01 1.3561915413341939e-03
-5.0283065644708724e-01 1.3574332794582149e-03
-5.0147260369329660e-01 1.3586716699248178e-03
-5.0011331422414129e-01 1.3599067096795941e-03
-4.9875279139185635e-01 1.3611383956769062e-03
-4.9739103855171890e-01 1.3623667248791097e-03
-4.9602805906203928e-01 1.3635916942570346e-03
-4.9466385628415310e-01 1.3648133007895390e-03
-4.9329843358241265e-01 1.3660315414640871e-03
-4.9193179432417883e-01 1.3672464132762734e-03
-4.9056394187981284e-01 1.3684579132298550e-03
-4.8919487962266761e-01 1.3696660383372924e-03
-4.8782461092907980e-01 1.3708707856191409e-03
-4.8645313917836142e-01 1.3720721521041305e-03
-4.8508046775279129e-01 1.3732701348295191e-03
-4.8370660003760685e-01 1.3744647308409634e-03
-4.8233153942099583e-01 1.3756559371923469e-03
-4.8095528929408776e-01 1.3768437509460428e-03
-4.7957785305094591e-01 1.3780281691725363e-03
-4.7819923408855847e-01 1.3792091889509933e-03
-4.7681943580683056e-01 1.3803868073687588e-03
-4.7543846160857567e-01 1.3815610215216294e-03
-4.7405631489950723e-01 1.3827318285138759e-03
-4.7267299908823041e-01 1.3838992254579755e-03
-4.7128851758623347e-01 1.3850632094749790e-03
-4.6990287380787948e-01 1.3862237776943109e-03
-4.6851607117039795e-01 1.3873809272537884e-03
-4.6712811309387620e-01 1.3885346552997471e-03
-4.6573900300125115e-01 1.3896849589868912e-03
-4.6434874431830081e-01 1.3908318354782900e-03
-4.6295734047363568e-01 1.3919752819456929e-03
-4.6156479489869057e-01 1.3931152955690572e-03
-4.6017111102771591e-01 1.3942518735369179e-03
-4.5877629229776934e-01 1.3953850130463451e-03
-4.5738034214870726e-01 1.3965147113028191e-03
-4.5598326402317635e-01 1.3976409655203389e-03
-4.5458506136660520e-01 1.3987637729212629e-03
-4.5318573762719538e-01 1.3998831307367359e-03
-4.5178529625591357e-01 1.4009990362060210e-03
-4.5038374070648246e-01 1.4021114865772851e-03
-4.4898107443537266e-01 1.4032204791069225e-03
-4.4757730090179387e-01 1.4043260110600466e-03
-4.4617242356768660e-01 1.4054280797102100e-03
-4.4476644589771347e-01 1.4065266823395240e-03
-4.4335937135925069e-01 1.4076218162386589e-03
-4.4195120342237959e-01 1.4087134787067739e-03
-4.4054194555987791e-01 1.4098016670517587e-03
-4.3913160124721140e-01 1.4108863785898924e-03
-4.3772017396252522e-01 1.4119676106460590e-03
-4.3630766718663522e-01 1.4130453605538122e-03
-4.3489408440301952e-01 1.4141196256551869e-03
-4.3347942909780979e-01 1.4151904033009636e-03
-4.3206370475978279e-01 1.4162576908503682e-03
-4.3064691488035167e-01 1.4173214856712585e-03
-4.2922906295355739e-01 1.4183817851401721e-03
-4.2781015247606008e-01 1.4194385866422373e-03
-4.2639018694713043e-01 1.4204918875711959e-03
-4.2496916986864108e-01 1.4215416853294363e-03
-4.2354710474505797e-01 1.4225879773279667e-03
-4.2212399508343168e-01 1.4236307609864407e-03
-4.2069984439338881e-01 1.4246700337332057e-03
-4.1927465618712323e-01 1.4257057930053148e-03
-4.1784843397938765e-01 1.4267380362483141e-03
-4.1642118128748473e-01 1.4277667609164640e-03
-4.1499290163125840e-01 1.4287919644729024e-03
-4.1356359853308533e-01 1.4298136443892870e-03
-4.1213327551786622e-01 1.4308317981458951e-03
-4.1070193611301697e-01 1.4318464232317869e-03
-4.0926958384846007e-01 1.4328575171448222e-03
-4.0783622225661598e-01 1.4338650773913714e-03
-4.0640185487239416e-01 1.4348691014867403e-03
-4.0496648523318474e-01 1.4358695869547261e-03
-4.0353011687884938e-01 1.4368665313280488e-03
-4.0209275335171291e-01 1.4378599321479735e-03
-4.0065439819655424e-01 1.4388497869647428e-03
-3.9921505496059795e-01 1.4398360933371398e-03
-3.9777472719350537e-01 1.4408188488327295e-03
-3.9633341844736580e-01 1.4417980510279002e-03
-3.9489113227668782e-01 1.4427736975077660e-03
-3.9344787223839045e-01 1.4437457858663047e-03
-3.9200364189179454e-01 1.4447143137060934e-03
-3.9055844479861385e-01 1.4456792786385509e-03
-3.8911228452294616e-01 1.4466406782840480e-03
-3.8766516463126482e-01 1.4475985102715134e-03
-3.8621708869240973e-01 1.4485527722386982e-03
-3.8476806027757832e-01 1.4495034618324501e-03
-3.8331808296031733e-01 1.4504505767079833e-03
-3.8186716031651335e-01 1.4513941145297478e-03
-3.8041529592438456e-01 1.4523340729706720e-03
-3.7896249336447146e-01 1.4532704497127102e-03
-3.7750875621962837e-01 1.4542032424465588e-03
-3.7605408807501423e-01 1.4551324488719663e-03
-3.7459849251808430e-01 1.4560580666971188e-03
-3.7314197313858072e-01 1.4569800936394381e-03
-3.7168453352852404e-01 1.4578985274250639e-03
-3.7022617728220431e-01 1.4588133657888790e-03
-3.6876690799617207e-01 1.4597246064747666e-03
-3.6730672926922953e-01 1.4606322472355774e-03
-3.6584564470242192e-01 1.4615362858327269e-03
-3.6438365789902821e-01 1.4624367200368367e-03
-3.6292077246455257e-01 1.4633335476272585e-03
-3.6145699200671527e-01 1.4642267663922484e-03
-3.5999232013544391e-01 1.4651163741289930e-03
-3.5852676046286447e-01 1.4660023686435578e-03
-3.5706031660329235e-01 1.4668847477509147e-03
-3.5559299217322354e-01 1.4677635092749804e-03
-3.5412479079132558e-01 1.4686386510486544e-03
-3.5265571607842888e-01 1.4695101709135884e-03
-3.5118577165751746e-01 1.4703780667205588e-03
-3.4971496115372036e-01 1.4712423363290907e-03
-3.4824328819430234e-01 1.4721029776078285e-03
-3.4677075640865529e-01 1.4729599884342045e-03
-3.4529736942828892e-01 1.4738133666948295e-03
-3.4382313088682220e-01 1.4746631102850055e-03
-3.4234804441997413e-01 1.4755092171091194e-03
-3.4087211366555464e-01 1.4763516850805961e-03
-3.3939534226345613e-01 1.4771905121217289e-03
-3.3791773385564394e-01 1.4780256961638601e-03
-3.3643929208614770e-01 1.4788572351472815e-03
-3.3496002060105229e-01 1.4796851270212339e-03
-3.3347992304848867e-01 1.4805093697440772e-03
-3.3199900307862518e-01 1.4813299612830297e-03
-3.3051726434365830e-01 1.4821468996143430e-03
-3.2903471049780370e-01 1.4829601827233820e-03
-3.2755134519728724e-01 1.4837698086044718e-03
-3.2606717210033609e-01 1.4845757752608476e-03
-3.2458219486716944e-01 1.4853780807049207e-03
-3.2309641715998966e-01 1.4861767229580802e-03
-3.2160984264297326e-01 1.4869717000506794e-03
-3.2012247498226176e-01 1.4877630100222426e-03
-3.1863431784595275e-01 1.4885506509212253e-03
-3.1714537490409073e-01 1.4893346208052229e-03
-3.1565564982865824e-01 1.4901149177407630e-03
-3.1416514629356662e-01 1.4908915398035162e-03
-3.1267386797464697e-01 1.4916644850782835e-03
-3.1118181854964128e-01 1.4924337516587511e-03
-3.0968900169819308e-01 1.4931993376478289e-03
-3.0819542110183862e-01 1.4939612411574012e-03
-3.0670108044399752e-01 1.4947194603085730e-03
-3.0520598340996397e-01 1.4954739932314170e-03
-3.0371013368689748e-01 1.4962248380650902e-03
-3.0221353496381376e-01 1.4969719929579597e-03
-3.0071619093157581e-01 1.4977154560673125e-03
-2.9921810528288451e-01 1.4984552255597420e-03
-2.9771928171226986e-01 1.4991912996107836e-03
-2.9621972391608153e-01 1.4999236764052324e-03
-2.9471943559248015e-01 1.5006523541367888e-03
-2.9321842044142765e-01 1.5013773310085608e-03
-2.9171668216467866e-01 1.5020986052325755e-03
-2.9021422446577111e-01 1.5028161750300401e-03
-2.8871105105001715e-01 1.5035300386312660e-03
-2.8720716562449394e-01 1.5042401942758057e-03
-2.8570257189803461e-01 1.5049466402123279e-03
-2.8419727358121916e-01 1.5056493746985347e-03
-2.8269127438636510e-01 1.5063483960014096e-03
-2.8118457802751851e-01 1.5070437023970390e-03
-2.7967718822044468e-01 1.5077352921707473e-03
-2.7816910868261929e-01 1.5084231636168467e-03
-2.7666034313321880e-01 1.5091073150389639e-03
-2.7515089529311154e-01 1.5097877447498979e-03
-2.7364076888484851e-01 1.5104644510715842e-03
-2.7212996763265412e-01 1.5111374323351660e-03
-2.7061849526241716e-01 1.5118066868809387e-03
-2.6910635550168138e-01 1.5124722130584166e-03
-2.6759355207963659e-01 1.5131340092262989e-03
-2.6608008872710914e-01 1.5137920737524819e-03
-2.6456596917655301e-01 1.5144464050140171e-03
-2.6305119716204028e-01 1.5150970013973145e-03
-2.6153577641925235e-01 1.5157438612978438e-03
-2.6001971068547031e-01 1.5163869831203785e-03
-2.5850300369956608e-01 1.5170263652787661e-03
-2.5698565920199284e-01 1.5176620061962808e-03
-2.5546768093477606e-01 1.5182939043053140e-03
-2.5394907264150424e-01 1.5189220580474649e-03
-2.5242983806731950e-01 1.5195464658736620e-03
-2.5090998095890860e-01 1.5201671262439526e-03
-2.4938950506449356e-01 1.5207840376276628e-03
-2.4786841413382232e-01 1.5213971985034720e-03
-2.4634671191815974e-01 1.5220066073591536e-03
-2.4482440217027812e-01 1.5226122626918138e-03
-2.4330148864444806e-01 1.5232141630078472e-03
-2.4177797509642920e-01 1.5238123068228185e-03
-2.4025386528346090e-01 1.5244066926616247e-03
-2.3872916296425303e-01 1.5249973190584220e-03
-2.3720387189897671e-01 1.5255841845565837e-03
-2.3567799584925492e-01 1.5261672877088508e-03
-2.3415153857815338e-01 1.5267466270771960e-03
-2.3262450385017122e-01 1.5273222012328151e-03
-2.3109689543123157e-01 1.5278940087562886e-03
-2.2956871708867249e-01 1.5284620482374440e-03
-2.2803997259123754e-01 1.5290263182753743e-03
-2.2651066570906642e-01 1.5295868174785353e-03
-2.2498080021368591e-01 1.5301435444646063e-03
-2.2345037987800032e-01 1.5306964978606282e-03
-2.2191940847628233e-01 1.5312456763029111e-03
-2.2038788978416365e-01 1.5317910784370785e-03
-2.1885582757862565e-01 1.5323327029181163e-03
-2.1732322563799014e-01 1.5328705484102571e-03
-2.1579008774191000e-01 1.5334046135870847e-03
-2.1425641767135983e-01 1.5339348971315360e-03
-2.1272221920862674e-01 1.5344613977357983e-03
-2.1118749613730090e-01 1.5349841141014445e-03
-2.0965225224226619e-01 1.5355030449393989e-03
-2.0811649130969104e-01 1.5360181889698538e-03
-2.0658021712701891e-01 1.5365295449223824e-03
-2.0504343348295900e-01 1.5370371115359424e-03
-2.0350614416747703e-01 1.5375408875587314e-03
-2.0196835297178570e-01 1.5380408717483715e-03
-2.0043006368833544e-01 1.5385370628718451e-03
-1.9889128011080509e-01 1.5390294597054106e-03
-1.9735200603409245e-01 1.5395180610347778e-03
-1.9581224525430502e-01 1.5400028656549635e-03
-1.9427200156875055e-01 1.5404838723703451e-03
-1.9273127877592774e-01 1.5409610799946962e-03
-1.9119008067551688e-01 1.5414344873511347e-03
-1.8964841106837038e-01 1.5419040932721612e-03
-1.8810627375650349e-01 1.5423698965996518e-03
-1.8656367254308492e-01 1.5428318961848379e-03
-1.8502061123242744e-01 1.5432900908883896e-03
-1.8347709362997847e-01 1.5437444795802745e-03
-1.8193312354231073e-01 1.5441950611399392e-03
-1.8038870477711283e-01 1.5446418344561470e-03
-1.7884384114317994e-01 1.5450847984270792e-03
-1.7729853645040430e-01 1.5455239519603418e-03
-1.7575279450976594e-01 1.5459592939728601e-03
-1.7420661913332314e-01 1.5463908233910478e-03
-1.7266001413420312e-01 1.5468185391506746e-03
-1.7111298332659269e-01 1.5472424401968877e-03
-1.6956553052572867e-01 1.5476625254843390e-03
-1.6801765954788869e-01 1.5480787939769797e-03
-1.6646937421038160e-01 1.5484912446482296e-03
-1.6492067833153817e-01 1.5488998764809241e-03
-1.6337157573070160e-01 1.5493046884673158e-03
-1.6182207022821818e-01 1.5497056796090587e-03
-1.6027216564542779e-01 1.5501028489172252e-03
-1.5872186580465450e-01 1.5504961954123703e-03
-1.5717117452919718e-01 1.5508857181243932e-03
-1.5562009564332002e-01 1.5512714160927097e-03
-1.5406863297224316e-01 1.5516532883660891e-03
-1.5251679034213317e-01 1.5520313340027876e-03
-1.5096457158009369e-01 1.5524055520704644e-03
-1.4941198051415597e-01 1.5527759416462449e-03
-1.4785902097326939e-01 1.5531425018167038e-03
-1.4630569678729211e-01 1.5535052316778101e-03
-1.4475201178698149e-01 1.5538641303350354e-03
-1.4319796980398478e-01 1.5542191969032712e-03
-1.4164357467082958e-01 1.5545704305068651e-03
-1.4008883022091442e-01 1.5549178302795969e-03
-1.3853374028849935e-01 1.5552613953647364e-03
-1.3697830870869634e-01 1.5556011249150011e-03
-1.3542253931746001e-01 1.5559370180925531e-03
-1.3386643595157802e-01 1.5562690740690156e-03
-1.3231000244866170e-01 1.5565972920255113e-03
-1.3075324264713656e-01 1.5569216711525640e-03
-1.2919616038623280e-01 1.5572422106502101e-03
-1.2763875950597586e-01 1.5575589097279669e-03
-1.2608104384717692e-01 1.5578717676047889e-03
-1.2452301725142353e-01 1.5581807835090954e-03
-1.2296468356107000e-01 1.5584859566788363e-03
-1.2140604661922802e-01 1.5587872863613793e-03
-1.1984711026975711e-01 1.5590847718135927e-03
-1.1828787835725522e-01 1.5593784123018632e-03
-1.1672835472704919e-01 1.5596682071019796e-03
-1.1516854322518529e-01 1.5599541554992889e-03
-1.1360844769841971e-01 1.5602362567885776e-03
-1.1204807199420913e-01 1.5605145102741398e-03
-1.1048741996070116e-01 1.5607889152697641e-03
-1.0892649544672491e-01 1.5610594710987193e-03
-1.0736530230178144e-01 1.5613261770937616e-03
-1.0580384437603435e-01 1.5615890325971597e-03
-1.0424212552030018e-01 1.5618480369606587e-03
-1.0268014958603899e-01 1.5621031895455251e-03
-1.0111792042534486e-01 1.5623544897224811e-03
-9.9555441890936333e-02 1.5626019368718065e-03
-9.7992717836146950e-02 1.5628455303832588e-03
-9.6429752114915793e-02 1.5630852696560588e-03
-9.4866548581777871e-02 1.5633211540990121e-03
-9.3303111091854726e-02 1.5635531831303467e-03
-9.1739443500844842e-02 1.5637813561778875e-03
-9.0175549665014204e-02 1.5640056726788875e-03
-8.8611433441186729e-02 1.5642261320801586e-03
-8.7047098686734783e-02 1.5644427338380037e-03
-8.5482549259569690e-02 1.5646554774182333e-03
-8.3917789018132141e-02 1.5648643622962271e-03
-8.2352821821382788e-02 1.5650693879568037e-03
-8.0787651528792637e-02 1.5652705538943329e-03
-7.9222282000333571e-02 1.5654678596127450e-03
-7.7656717096468819e-02 1.5656613046254157e-03
-7.6090960678143429e-02 1.5658508884552837e-03
-7.4525016606774783e-02 1.5660366106348134e-03
-7.2958888744243028e-02 1.5662184707059706e-03
-7.1392580952881549e-02 1.5663964682202619e-03
-6.9826097095467526e-02 1.5665706027387239e-03
-6.8259441035212282e-02 1.5667408738319034e-03
-6.6692616635751864e-02 1.5669072810798842e-03
-6.5125627761137464e-02 1.5670698240722832e-03
-6.3558478275825864e-02 1.5672285024082386e-03
-6.1991172044669994e-02 1.5673833156964237e-03
-6.0423712932909303e-02 1.5675342635550389e-03
-5.8856104806160284e-02 1.5676813456118196e-03
-5.7288351530406935e-02 1.5678245615040538e-03
-5.5720456971991190e-02 1.5679639108785223e-03
-5.4152424997603442e-02 1.5680993933915894e-03
-5.2584259474272949e-02 1.5682310087091276e-03
-5.1015964269358331e-02 1.5683587565065282e-03
-4.9447543250538031e-02 1.5684826364687717e-03
-4.7879000285800756e-02 1.5686026482903349e-03
-4.6310339243435979e-02 1.5687187916752713e-03
-4.4741563992024336e-02 1.5688310663371210e-03
-4.3172678400428155e-02 1.5689394719990031e-03
-4.1603686337781852e-02 1.5690440083935911e-03
-4.0034591673482438e-02 1.5691446752630473e-03
-3.8465398277179957e-02 1.5692414723591436e-03
-3.6896110018767934e-02 1.5693343994431506e-03
-3.5326730768373844e-02 1.5694234562858840e-03
-3.3757264396349559e-02 1.5695086426677210e-03
-3.2187714773261808e-02 1.5695899583785824e-03
-3.0618085769882647e-02 1.5696674032179268e-03
-2.9048381257179873e-02 1.5697409769947692e-03
-2.7478605106307515e-02 1.5698106795276547e-03
-2.5908761188596273e-02 1.5698765106446852e-03
-2.4338853375543971e-02 1.5699384701835094e-03
-2.2768885538806006e-02 1.5699965579913417e-03
-2.1198861550185806e-02 1.5700507739249013e-03
-1.9628785281625281e-02 1.5701011178504928e-03
-1.8058660605195270e-02 1.5701475896439780e-03
-1.6488491393085992e-02 1.5701901891907227e-03
-1.4918281517597502e-02 1.5702289163856860e-03
-1.3348034851130132e-02 1.5702637711333559e-03
-1.1777755266174954e-02 1.5702947533477710e-03
-1.0207446635304221e-02 1.5703218629525325e-03
-8.6371128311618136e-03 1.5703450998807715e-03
-7.0667577264536974e-03 1.5703644640751916e-03
-5.4963851939383683e-03 1.5703799554880398e-03
-3.9259991064172998e-03 1.5703915740810951e-03
-2.3556033367253997e-03 1.5703993198257218e-03
-7.8520175772144767e-04 1.5704031927028103e-03
7.8520175772144767e-04 1.5704031927028103e-03
2.3556033367253997e-03 1.5703993198257218e-03
3.9259991064172998e-03 1.5703915740810951e-03
5.4963851939383683e-03 1.5703799554880398e-03
7.0667577264536974e-03 1.5703644640751916e-03
8.6371128311618136e-03 1.5703450998807715e-03
1.0207446635304221e-02 1.5703218629525325e-03
1.1777755266174954e-02 1.5702947533477710e-03
1.3348034851130132e-02 1.5702637711333559e-03
1.4918281517597502e-02 1.5702289163856860e-03
1.6488491393085992e-02 1.5701901891907227e-03
1.8058660605195270e-02 1.5701475896439780e-03
1.9628785281625281e-02 1.5701011178504928e-03
2.1198861550185806e-02 1.5700507739249013e-03
2.2768885538806006e-02 1.5699965579913417e-03
2.4338853375543971e-02 1.5699384701835094e-03
2.5908761188596273e-02 1.5698765106446852e-03
2.7478605106307515e-02 1.5698106795276547e-03
2.9048381257179873e-02 1.5697409769947692e-03
3.0618085769882647e-02 1.5696674032179268e-03
3.2187714773261808e-02 1.5695899583785824e-03
3.3757264396349559e-02 1.5695086426677210e-03
3.5326730768373844e-02 1.5694234562858840e-03
3.6896110018767934e-02 1.5693343994431506e-03
3.8465398277179957e-02 1.5692414723591436e-03
4.0034591673482438e-02 1.5691446752630473e-03
4.1603686337781852e-02 1.5690440083935911e-03
4.3172678400428155e-02 1.5689394719990031e-03
4.4741563992024336e-02 1.5688310663371210e-03
4.6310339243435979e-02 1.5687187916752713e-03
4.7879000285800756e-02 1.5686026482903349e-03
4.9447543250538031e-02 1.5684826364687717e-03
5.1015964269358331e-02 1.5683587565065282e-03
5.2584259474272949e-02 1.5682310087091276e-03
5.4152424997603442e-02 1.5680993933915894e-03
5.5720456971991190e-02 1.5679639108785223e-03
5.7288351530406935e-02 1.5678245615040538e-03
5.8856104806160284e-02 1.5676813456118196e-03
6.0423712932909303e-02 1.5675342635550389e-03
6.1991172044669994e-02 1.5673833156964237e-03
6.3558478275825864e-02 1.5672285024082386e-03
6.5125627761137464e-02 1.5670698240722832e-03
6.6692616635751864e-02 1.5669072810798842e-03
6.8259441035212282e-02 1.5667408738319034e-03
6.9826097095467526e-02 1.5665706027387239e-03
7.1392580952881549e-02 1.5663964682202619e-03
7.2958888744243028e-02 1.5662184707059706e-03
7.4525016606774783e-02 1.5660366106348134e-03
7.6090960678143429e-02 1.5658508884552837e-03
7.7656717096468819e-02 1.5656613046254157e-03
7.9222282000333571e-02 1.5654678596127450e-03
8.0787651528792637e-02 1.5652705538943329e-03
8.2352821821382788e-02 1.5650693879568037e-03
8.3917789018132141e-02 1.5648643622962271e-03
8.5482549259569690e-02 1.5646554774182333e-03
8.7047098686734783e-02 1.5644427338380037e-03
8.8611433441186729e-02 1.5642261320801586e-03
9.0175549665014204e-02 1.5640056726788875e-03
9.1739443500844842e-02 1.5637813561778875e-03
9.3303111091854726e-02 1.5635531831303467e-03
9.4866548581777871e-02 1.5633211540990121e-03
9.6429752114915793e-02 1.5630852696560588e-03
9.7992717836146950e-02 1.5628455303832588e-03
9.9555441890936333e-02 1.5626019368718065e-03
1.0111792042534486e-01 1.5623544897224811e-03
1.0268014958603899e-01 1.5621031895455251e-03
1.0424212552030018e-01 1.5618480369606587e-03
1.0580384437603435e-01 1.5615890325971597e-03
1.0736530230178144e-01 1.5613261770937616e-03
1.0892649544672491e-01 1.5610594710987193e-03
1.1048741996070116e-01 1.5607889152697641e-03
1.1204807199420913e-01 1.5605145102741398e-03
1.1360844769841971e-01 1.5602362567885776e-03
1.1516854322518529e-01 1.5599541554992889e-03
1.1672835472704919e-01 1.5596682071019796e-03
1.1828787835725522e-01 1.5593784123018632e-03
1.1984711026975711e-01 1.5590847718135927e-03
1.2140604661922802e-01 1.5587872863613793e-03
1.2296468356107000e-01 1.5584859566788363e-03
1.2452301725142353e-01 1.5581807835090954e-03
1.2608104384717692e-01 1.5578717676047889e-03
1.2763875950597586e-01 1.5575589097279669e-03
1.2919616038623280e-01 1.5572422106502101e-03
1.3075324264713656e-01 1.5569216711525640e-03
1.3231000244866170e-01 1.5565972920255113e-03
1.3386643595157802e-01 1.5562690740690156e-03
1.3542253931746001e-01 1.5559370180925531e-03
1.3697830870869634e-01 1.5556011249150011e-03
1.3853374028849935e-01 1.5552613953647364e-03
1.4008883022091442e-01 1.5549178302795969e-03
1.4164357467082958e-01 1.5545704305068651e-03
1.4319796980398478e-01 1.5542191969032712e-03
1.4475201178698149e-01 1.5538641303350354e-03
1.4630569678729211e-01 1.5535052316778101e-03
1.4785902097326939e-01 1.5531425018167038e-03
1.4941198051415597e-01 1.5527759416462449e-03
1.5096457158009369e-01 1.5524055520704644e-03
1.5251679034213317e-01 1.5520313340027876e-03
1.5406863297224316e-01 1.5516532883660891e-03
1.5562009564332002e-01 1.5512714160927097e-03
1.5717117452919718e-01 1.5508857181243932e-03
1.5872186580465450e-01 1.5504961954123703e-03
1.6027216564542779e-01 1.5501028489172252e-03
1.6182207022821818e-01 1.5497056796090587e-03
1.6337157573070160e-01 1.5493046884673158e-03
1.6492067833153817e-01 1.5488998764809241e-03
1.6646937421038160e-01 1.5484912446482296e-03
1.6801765954788869e-01 1.5480787939769797e-03
1.6956553052572867e-01 1.5476625254843390e-03
1.7111298332659269e-01 1.5472424401968877e-03
1.7266001413420312e-01 1.5468185391506746e-03
1.7420661913332314e-01 1.5463908233910478e-03
1.7575279450976594e-01 1.5459592939728601e-03
1.7729853645040430e-01 1.5455239519603418e-03
1.7884384114317994e-01 1.5450847984270792e-03
1.8038870477711283e-01 1.5446418344561470e-03
1.8193312354231073e-01 1.5441950611399392e-03
1.8347709362997847e-01 1.5437444795802745e-03
1.8502061123242744e-01 1.5432900908883896e-03
1.8656367254308492e-01 1.5428318961848379e-03
1.8810627375650349e-01 1.5423698965996518e-03
1.8964841106837038e-01 1.5419040932721612e-03
1.9119008067551688e-01 1.5414344873511347e-03
1.9273127877592774e-01 1.5409610799946962e-03
1.9427200156875055e-01 1.5404838723703451e-03
1.9581224525430502e-01 1.5400028656549635e-03
1.9735200603409245e-01 1.5395180610347778e-03
1.9889128011080509e-01 1.5390294597054106e-03
2.0043006368833544e-01 1.5385370628718451e-03
2.0196835297178570e-01 1.5380408717483715e-03
2.0350614416747703e-01 1.5375408875587314e-03
2.0504343348295900e-01 1.5370371115359424e-03
2.0658021712701891e-01 1.5365295449223824e-03
2.0811649130969104e-01 1.5360181889698538e-03
2.0965225224226619e-01 1.5355030449393989e-03
2.1118749613730090e-01 1.5349841141014445e-03
2.1272221920862674e-01 1.5344613977357983e-03
2.1425641767135983e-01 1.5339348971315360e-03
2.1579008774191000e-01 1.5334046135870847e-03
2.1732322563799014e-01 1.5328705484102571e-03
2.1885582757862565e-01 1.5323327029181163e-03
2.2038788978416365e-01 1.5317910784370785e-03
2.2191940847628233e-01 1.5312456763029111e-03
2.2345037987800032e-01 1.5306964978606282e-03
2.2498080021368591e-01 1.5301435444646063e-03
2.2651066570906642e-01 1.5295868174785353e-03
2.2803997259123754e-01 1.5290263182753743e-03
2.2956871708867249e-01 1.5284620482374440e-03
2.3109689543123157e-01 1.5278940087562886e-03
2.3262450385017122e-01 1.5273222012328151e-03
2.3415153857815338e-01 1.5267466270771960e-03
2.3567799584925492e-01 1.5261672877088508e-03
2.3720387189897671e-01 1.5255841845565837e-03
2.3872916296425303e-01 1.5249973190584220e-03
2.4025386528346090e-01 1.5244066926616247e-03
2.4177797509642920e-01 1.5238123068228185e-03
2.4330148864444806e-01 1.5232141630078472e-03
2.4482440217027812e-01 1.5226122626918138e-03
2.4634671191815974e-01 1.5220066073591536e-03
2.4786841413382232e-01 1.5213971985034720e-03
2.4938950506449356e-01 1.5207840376276628e-03
2.5090998095890860e-01 1.5201671262439526e-03
2.5242983806731950e-01 1.5195464658736620e-03
2.5394907264150424e-01 1.5189220580474649e-03
2.5546768093477606e-01 1.5182939043053140e-03
2.5698565920199284e-01 1.5176620061962808e-03
2.5850300369956608e-01 1.5170263652787661e-03
2.6001971068547031e-01 1.5163869831203785e-03
2.6153577641925235e-01 1.5157438612978438e-03
2.6305119716204028e-01 1.5150970013973145e-03
2.6456596917655301e-01 1.5144464050140171e-03
2.6608008872710914e-01 1.5137920737524819e-03
2.6759355207963659e-01 1.5131340092262989e-03
2.6910635550168138e-01 1.5124722130584166e-03
2.7061849526241716e-01 1.5118066868809387e-03
2.7212996763265412e-01 1.5111374323351660e-03
2.7364076888484851e-01 1.5104644510715842e-03
2.7515089529311154e-01 1.5097877447498979e-03
2.7666034313321880e-01 1.5091073150389639e-03
2.7816910868261929e-01 1.5084231636168467e-03
2.7967718822044468e-01 1.5077352921707473e-03
2.8118457802751851e-01 1.5070437023970390e-03
2.8269127438636510e-01 1.5063483960014096e-03
2.8419727358121916e-01 1.5056493746985347e-03
2.8570257189803461e-01 1.5049466402123279e-03
2.8720716562449394e-01 1.5042401942758057e-03
2.8871105105001715e-01 1.5035300386312660e-03
2.9021422446577111e-01 1.5028161750300401e-03
2.9171668216467866e-01 1.5020986052325755e-03
2.9321842044142765e-01 1.5013773310085608e-03
2.9471943559248015e-01 1.5006523541367888e-03
2.9621972391608153e-01 1.4999236764052324e-03
2.9771928171226986e-01 1.4991912996107836e-03
2.9921810528288451e-01 1.4984552255597420e-03
3.0071619093157581e-01 1.4977154560673125e-03
3.0221353496381376e-01 1.4969719929579597e-03
3.0371013368689748e-01 1.4962248380650902e-03
3.0520598340996397e-01 1.4954739932314170e-03
3.0670108044399752e-01 1.4947194603085730e-03
3.0819542110183862e-01 1.4939612411574012e-03
3.0968900169819308e-01 1.4931993376478289e-03
3.1118181854964128e-01 1.4924337516587511e-03
3.1267386797464697e-01 1.4916644850782835e-03
3.1416514629356662e-01 1.4908915398035162e-03
3.1565564982865824e-01 1.4901149177407630e-03
3.1714537490409073e-01 1.4893346208052229e-03
3.1863431784595275e-01 1.4885506509212253e-03
3.2012247498226176e-01 1.4877630100222426e-03
3.2160984264297326e-01 1.4869717000506794e-03
3.2309641715998966e-01 1.4861767229580802e-03
3.2458219486716944e-01 1.4853780807049207e-03
3.2606717210033609e-01 1.4845757752608476e-03
3.2755134519728724e-01 1.4837698086044718e-03
3.2903471049780370e-01 1.4829601827233820e-03
3.3051726434365830e-01 1.4821468996143430e-03
3.3199900307862518e-01 1.4813299612830297e-03
3.3347992304848867e-01 1.4805093697440772e-03
3.3496002060105229e-01 1.4796851270212339e-03
3.3643929208614770e-01 1.4788572351472815e-03
3.3791773385564394e-01 1.4780256961638601e-03
3.3939534226345613e-01 1.4771905121217289e-03
3.4087211366555464e-01 1.4763516850805961e-03
3.4234804441997413e-01 1.4755092171091194e-03
3.4382313088682220e-01 1.4746631102850055e-03
3.4529736942828892e-01 1.4738133666948295e-03
3.4677075640865529e-01 1.4729599884342045e-03
3.4824328819430234e-01 1.4721029776078285e-03
3.4971496115372036e-01 1.4712423363290907e-03
3.5118577165751746e-01 1.4703780667205588e-03
3.5265571607842888e-01 1.4695101709135884e-03
3.5412479079132558e-01 1.4686386510486544e-03
3.5559299217322354e-01 1.4677635092749804e-03
3.5706031660329235e-01 1.4668847477509147e-03
3.5852676046286447e-01 1.4660023686435578e-03
3.5999232013544391e-01 1.4651163741289930e-03
3.6145699200671527e-01 1.4642267663922484e-03
3.6292077246455257e-01 1.4633335476272585e-03
3.6438365789902821e-01 1.4624367200368367e-03
3.6584564470242192e-01 1.4615362858327269e-03
3.6730672926922953e-01 1.4606322472355774e-03
3.6876690799617207e-01 1.4597246064747666e-03
3.7022617728220431e-01 1.4588133657888790e-03
3.7168453352852404e-01 1.4578985274250639e-03
3.7314197313858072e-01 1.4569800936394381e-03
3.7459849251808430e-01 1.4560580666971188e-03
3.7605408807501423e-01 1.4551324488719663e-03
3.7750875621962837e-01 1.4542032424465588e-03
3.7896249336447146e-01 1.4532704497127102e-03
3.8041529592438456e-01 1.4523340729706720e-03
3.8186716031651335e-01 1.4513941145297478e-03
3.8331808296031733e-01 1.4504505767079833e-03
3.8476806027757832e-01 1.4495034618324501e-03
3.8621708869240973e-01 1.4485527722386982e-03
3.8766516463126482e-01 1.4475985102715134e-03
3.8911228452294616e-01 1.4466406782840480e-03
3.9055844479861385e-01 1.4456792786385509e-03
3.9200364189179454e-01 1.4447143137060934e-03
3.9344787223839045e-01 1.4437457858663047e-03
3.9489113227668782e-01 1.4427736975077660e-03
3.9633341844736580e-01 1.4417980510279002e-03
3.9777472719350537e-01 1.4408188488327295e-03
3.9921505496059795e-01 1.4398360933371398e-03
4.0065439819655424e-01 1.4388497869647428e-03
4.0209275335171291e-01 1.4378599321479735e-03
4.0353011687884938e-01 1.4368665313280488e-03
4.0496648523318474e-01 1.4358695869547261e-03
4.0640185487239416e-01 1.4348691014867403e-03
4.0783622225661598e-01 1.4338650773913714e-03
4.0926958384846007e-01 1.4328575171448222e-03
4.1070193611301697e-01 1.4318464232317869e-03
4.1213327551786622e-01 1.4308317981458951e-03
4.1356359853308533e-01 1.4298136443892870e-03
4.1499290163125840e-01 1.4287919644729024e-03
4.1642118128748473e-01 1.4277667609164640e-03
4.1784843397938765e-01 1.4267380362483141e-03
4.1927465618712323e-01 1.4257057930053148e-03
4.2069984439338881e-01 1.4246700337332057e-03
4.2212399508343168e-01 1.4236307609864407e-03
4.2354710474505797e-01 1.4225879773279667e-03
4.2496916986864108e-01 1.4215416853294363e-03
4.2639018694713043e-01 1.4204918875711959e-03
4.2781015247606008e-01 1.4194385866422373e-03
4.2922906295355739e-01 1.4183817851401721e-03
4.3064691488035167e-01 1.4173214856712585e-03
4.3206370475978279e-01 1.4162576908503682e-03
4.3347942909780979e-01 1.4151904033009636e-03
4.3489408440301952e-01 1.4141196256551869e-03
4.3630766718663522e-01 1.4130453605538122e-03
4.3772017396252522e-01 1.4119676106460590e-03
4.3913160124721140e-01 1.4108863785898924e-03
4.4054194555987791e-01 1.4098016670517587e-03
4.4195120342237959e-01 1.4087134787067739e-03
4.4335937135925069e-01 1.4076218162386589e-03
4.4476644589771347e-01 1.4065266823395240e-03
4.4617242356768660e-01 1.4054280797102100e-03
4.4757730090179387e-01 1.4043260110600466e-03
4.4898107443537266e-01 1.4032204791069225e-03
4.5038374070648246e-01 1.4021114865772851e-03
4.5178529625591357e-01 1.4009990362060210e-03
4.5318573762719538e-01 1.3998831307367359e-03
4.5458506136660520e-01 1.3987637729212629e-03
4.5598326402317635e-01 1.3976409655203389e-03
4.5738034214870726e-01 1.3965147113028191e-03
4.5877629229776934e-01 1.3953850130463451e-03
4.6017111102771591e-01 1.3942518735369179e-03
4.6156479489869057e-01 1.3931152955690572e-03
4.6295734047363568e-01 1.3919752819456929e-03
4.6434874431830081e-01 1.3908318354782900e-03
4.6573900300125115e-01 1.3896849589868912e-03
4.6712811309387620e-01 1.3885346552997471e-03
4.6851607117039795e-01 1.3873809272537884e-03
4.6990287380787948e-01 1.3862237776943109e-03
4.7128851758623347e-01 1.3850632094749790e-03
4.7267299908823041e-01 1.3838992254579755e-03
4.7405631489950723e-01 1.3827318285138759e-03
4.7543846160857567e-01 1.3815610215216294e-03
4.7681943580683056e-01 1.3803868073687588e-03
4.7819923408855847e-01 1.3792091889509933e-03
4.7957785305094591e-01 1.3780281691725363e-03
4.8095528929408776e-01 1.3768437509460428e-03
4.8233153942099583e-01 1.3756559371923469e-03
4.8370660003760685e-01 1.3744647308409634e-03
4.8508046775279129e-01 1.3732701348295191e-03
4.8645313917836142e-01 1.3720721521041305e-03
4.8782461092907980e-01 1.3708707856191409e-03
4.8919487962266761e-01 1.3696660383372924e-03
4.9056394187981284e-01 1.3684579132298550e-03
4.9193179432417883e-01 1.3672464132762734e-03
4.9329843358241265e-01 1.3660315414640871e-03
4.9466385628415310e-01 1.3648133007895390e-03
4.9602805906203928e-01 1.3635916942570346e-03
4.9739103855171890e-01 1.3623667248791097e-03
4.9875279139185635e-01 1.3611383956769062e-03
5.0011331422414129e-01 1.3599067096795941e-03
5.0147260369329660e-01 1.3586716699248178e-03
5.0283065644708724e-01 1.3574332794582149e-03
5.0418746913632750e-01 1.3561915413341939e-03
5.0554303841489057e-01 1.3549464586145366e-03
5.0689736093971538e-01 1.3536980343704817e-03
5.0825043337081621e-01 1.3524462716803436e-03
5.0960225237128998e-01 1.3511911736312223e-03
5.1095281460732456e-01 1.3499327433188647e-03
5.1230211674820769e-01 1.3486709838462989e-03
5.1365015546633441e-01 1.3474058983253784e-03
5.1499692743721570e-01 1.3461374898758949e-03
5.1634242933948638e-01 1.3448657616261768e-03
5.1768665785491363e-01 1.3435907167123954e-03
5.1902960966840495e-01 1.3423123582791091e-03
5.2037128146801648e-01 1.3410306894787948e-03
5.2171166994496088e-01 1.3397457134725801e-03
5.2305077179361603e-01 1.3384574334290075e-03
5.2438858371153252e-01 1.3371658525255679e-03
5.2572510239944237e-01 1.3358709739472736e-03
5.2706032456126684e-01 1.3345728008874670e-03
5.2839424690412440e-01 1.3332713365481026e-03
5.2972686613833964e-01 1.3319665841381900e-03
5.3105817897745022e-01 1.3306585468760067e-03
5.3238818213821615e-01 1.3293472279868636e-03
5.3371687234062681e-01 1.3280326307051487e-03
5.3504424630790992e-01 1.3267147582727869e-03
5.3637030076653902e-01 1.3253936139397606e-03
5.3769503244624206e-01 1.3240692009641973e-03
5.3901843808000893e-01 1.3227415226123977e-03
5.4034051440409980e-01 1.3214105821587631e-03
5.4166125815805333e-01 1.3200763828853680e-03
5.4298066608469431e-01 1.3187389280827132e-03
5.4429873493014203e-01 1.3173982210490634e-03
5.4561546144381801e-01 1.3160542650911180e-03
5.4693084237845446e-01 1.3147070635229354e-03
5.4824487449010173e-01 1.3133566196672584e-03
5.4955755453813682e-01 1.3120029368542843e-03
5.5086887928527095e-01 1.3106460184225991e-03
5.5217884549755791e-01 1.3092858677184699e-03
5.5348744994440191e-01 1.3079224880959872e-03
5.5479468939856513e-01 1.3065558829180033e-03
5.5610056063617641e-01 1.3051860555545899e-03
5.5740506043673876e-01 1.3038130093838956e-03
5.5870818558313740e-01 1.3024367477920255e-03
5.6000993286164746e-01 1.3010572741733526e-03
5.6131029906194252e-01 1.2996745919295091e-03
5.6260928097710172e-01 1.2982887044707761e-03
5.6390687540361839e-01 1.2968996152147077e-03
5.6520307914140744e-01 1.2955073275872230e-03
5.6649788899381359e-01 1.2941118450217814e-03
5.6779130176761905e-01 1.2927131709598823e-03
5.6908331427305137e-01 1.2913113088510609e-03
5.7037392332379155e-01 1.2899062621524392e-03
5.7166312573698164e-01 1.2884980343291809e-03
5.7295091833323275e-01 1.2870866288541610e-03
5.7423729793663292e-01 1.2856720492079277e-03
5.7552226137475471e-01 1.2842542988792073e-03
5.7680580547866311e-01 1.2828333813646312e-03
5.7808792708292367e-01 1.2814093001682428e-03
5.7936862302560987e-01 1.2799820588021607e-03
5.8064789014831131e-01 1.2785516607859745e-03
5.8192572529614117e-01 1.2771181096473561e-03
5.8320212531774396e-01 1.2756814089217275e-03
5.8447708706530366e-01 1.2742415621524849e-03
5.8575060739455131e-01 1.2727985728901755e-03
5.8702268316477269e-01 1.2713524446934640e-03
5.8829331123881590e-01 1.2699031811290204e-03
5.8956248848309956e-01 1.2684507857707889e-03
5.9083021176762018e-01 1.2669952622005793e-03
5.9209647796595999e-01 1.2655366140080046e-03
5.9336128395529464e-01 1.2640748447902690e-03
5.9462462661640081e-01 1.2626099581525255e-03
5.9588650283366407e-01 1.2611419577074306e-03
5.9714690949508664e-01 1.2596708470749573e-03
5.9840584349229453e-01 1.2581966298836368e-03
5.9966330172054605e-01 1.2567193097686050e-03
6.0091928107873860e-01 1.2552388903735534e-03
6.0217377846941700e-01 1.2537553753493118e-03
6.0342679079878059e-01 1.2522687683544495e-03
6.0467831497669133e-01 1.2507790730553743e-03
6.0592834791668126e-01 1.2492862931256018e-03
6.0717688653595980e-01 1.2477904322469081e-03
6.0842392775542187e-01 1.2462914941081110e-03
6.0966946849965509e-01 1.2447894824058315e-03
6.1091350569694747e-01 1.2432844008445558e-03
6.1215603627929516e-01 1.2417762531358261e-03
6.1339705718240978e-01 1.2402650429990487e-03
6.1463656534572619e-01 1.2387507741608518e-03
6.1587455771240962e-01 1.2372334503562019e-03
6.1711103122936384e-01 1.2357130753267618e-03
6.1834598284723818e-01 1.2341896528220960e-03
6.1957940952043533e-01 1.2326631865991439e-03
6.2081130820711872e-01 1.2311336804223323e-03
6.2204167586921988e-01 1.2296011380640006e-03
6.2327050947244633e-01 1.2280655633034945e-03
6.2449780598628879e-01 1.2265269599276993e-03
6.2572356238402860e-01 1.2249853317312300e-03
6.2694777564274529e-01 1.2234406825161058e-03
6.2817044274332423e-01 1.2218930160913413e-03
6.2939156067046376e-01 1.2203423362736881e-03
6.3061112641268247e-01 1.2187886468879652e-03
6.3182913696232734e-01 1.2172319517653155e-03
6.3304558931558053e-01 1.2156722547448161e-03
6.3426048047246686e-01 1.2141095596731385e-03
6.3547380743686133e-01 1.2125438704043907e-03
6.3668556721649683e-01 1.2109751907992182e-03
6.3789575682297084e-01 1.2094035247265018e-03
6.3910437327175318e-01 1.2078288760624719e-03
6.4031141358219346e-01 1.2062512486903511e-03
6.4151687477752828e-01 1.2046706465007853e-03
6.4272075388488870e-01 1.2030870733915722e-03
6.4392304793530719e-01 1.2015005332684553e-03
6.4512375396372545e-01 1.1999110300440765e-03
6.4632286900900160e-01 1.1983185676380519e-03
6.4752039011391715e-01 1.1967231499779110e-03
6.4871631432518462e-01 1.1951247809983767e-03
6.4991063869345478e-01 1.1935234646411189e-03
6.5110336027332394e-01 1.1919192048551578e-03
6.5229447612334102e-01 1.1903120055969422e-03
6.5348398330601498e-01 1.1887018708301340e-03
6.5467187888782208e-01 1.1870888045255278e-03
6.5585815993921293e-01 1.1854728106614105e-03
6.5704282353462007e-01 1.1838538932226845e-03
6.5822586675246464e-01 1.1822320562023887e-03
6.5940728667516424e-01 1.1806073035997722e-03
6.6058708038913949e-01 1.1789796394221167e-03
6.6176524498482170e-01 1.1773490676833735e-03
6.6294177755665984e-01 1.1757155924047016e-03
6.6411667520312756e-01 1.1740792176148740e-03
6.6528993502673084e-01 1.1724399473489484e-03
6.6646155413401453e-01 1.1707977856497830e-03
6.6763152963556971e-01 1.1691527365676119e-03
6.6879985864604108e-01 1.1675048041591277e-03
6.6996653828413388e-01 1.1658539924881159e-03
6.7113156567262067e-01 1.1642003056263779e-03
6.7229493793834905e-01 1.1625437476517880e-03
6.7345665221224837e-01 1.1608843226495378e-03
6.7461670562933673e-01 1.1592220347123457e-03
6.7577509532872826e-01 1.1575568879396523e-03
6.7693181845364003e-01 1.1558888864381946e-03
6.7808687215139940e-01 1.1542180343210636e-03
6.7924025357345064e-01 1.1525443357088773e-03
6.8039195987536194e-01 1.1508677947298185e-03
6.8154198821683298e-01 1.1491884155180377e-03
6.8269033576170135e-01 1.1475062022153575e-03
6.8383699967794986e-01 1.1458211589702606e-03
6.8498197713771336e-01 1.1441332899384726e-03
6.8612526531728579e-01 1.1424425992825819e-03
6.8726686139712723e-01 1.1407490911719705e-03
6.8840676256187061e-01 1.1390527697833365e-03
6.8954496600032900e-01 1.1373536392997833e-03
6.9068146890550219e-01 1.1356517039117419e-03
6.9181626847458377e-01 1.1339469678166771e-03
6.9294936190896816e-01 1.1322394352184842e-03
6.9408074641425721e-01 1.1305291103285949e-03
6.9521041920026749e-01 1.1288159973646072e-03
6.9633837748103689e-01 1.1271001005512898e-03
6.9746461847483132e-01 1.1253814241208584e-03
6.9858913940415224e-01 1.1236599723112282e-03
6.9971193749574268e-01 1.1219357493682366e-03
7.0083300998059483e-01 1.1202087595435055e-03
7.0195235409395607e-01 1.1184790070969432e-03
7.0306996707533664e-01 1.1167464962938186e-03
7.0418584616851587e-01 1.1150112314069868e-03
7.0529998862154919e-01 1.1132732167157676e-03
7.0641239168677483e-01 1.1115324565064326e-03
7.0752305262082060e-01 1.1097889550722773e-03
7.0863196868461087e-01 1.1080427167126637e-03
7.0973913714337300e-01 1.1062937457342367e-03
7.1084455526664425e-01 1.1045420464503909e-03
7.1194822032827865e-01 1.1027876231807323e-03
7.1305012960645320e-01 1.1010304802527161e-03
7.1415028038367545e-01 1.0992706219990183e-03
7.1524866994678937e-01 1.0975080527600664e-03
7.1634529558698257e-01 1.0957427768823376e-03
7.1744015459979260e-01 1.0939747987195670e-03
7.1853324428511389e-01 1.0922041226319801e-03
7.1962456194720437e-01 1.0904307529862628e-03
7.2071410489469201e-01 1.0886546941559553e-03
7.2180187044058164e-01 1.0868759505208454e-03
7.2288785590226134e-01 1.0850945264677377e-03
7.2397205860150915e-01 1.0833104263901848e-03
7.2505447586449989e-01 1.0815236546874250e-03
7.2613510502181144e-01 1.0797342157665211e-03
7.2721394340843137e-01 1.0779421140402711e-03
7.2829098836376371e-01 1.0761473539282929e-03
7.2936623723163529e-01 1.0743499398569987e-03
7.3043968736030251e-01 1.0725498762589039e-03
7.3151133610245767e-01 1.0707471675734344e-03
7.3258118081523571e-01 1.0689418182460006e-03
7.3364921886022039e-01 1.0671338327294208e-03
7.3471544760345120e-01 1.0653232154822626e-03
7.3577986441542975e-01 1.0635099709694004e-03
7.3684246667112585e-01 1.0616941036632923e-03
7.3790325174998461e-01 1.0598756180417730e-03
7.3896221703593257e-01 1.0580545185892856e-03
7.4001935991738388e-01 1.0562308097977918e-03
7.4107467778724745e-01 1.0544044961642346e-03
7.4212816804293280e-01 1.0525755821926067e-03
7.4317982808635663e-01 1.0507440723934078e-03
7.4422965532394925e-01 1.0489099712835308e-03
7.4527764716666101e-01 1.0470732833861205e-03
7.4632380102996865e-01 1.0452340132306992e-03
7.4736811433388173e-01 1.0433921653530051e-03
7.4841058450294862e-01 1.0415477442962183e-03
7.4945120896626372e-01 1.0397007546079516e-03
7.5048998515747278e-01 1.0378512008437466e-03
7.5152691051477993e-01 1.0359990875647160e-03
7.5256198248095363e-01 1.0341444193388098e-03
7.5359519850333323e-01 1.0322872007396953e-03
7.5462655603383522e-01 1.0304274363472170e-03
7.5565605252895918e-01 1.0285651307483656e-03
7.5668368544979447e-01 1.0267002885358523e-03
7.5770945226202635e-01 1.0248329143087171e-03
7.5873335043594226e-01 1.0229630126718679e-03
7.5975537744643784e-01 1.0210905882371793e-03
7.6077553077302351e-01 1.0192156456221863e-03
7.6179380789983042e-01 1.0173381894508255e-03
7.6281020631561669e-01 1.0154582243535150e-03
7.6382472351377395e-01 1.0135757549657269e-03
7.6483735699233280e-01 1.0116907859307011e-03
7.6584810425396954e-01 1.0098033218973034e-03
7.6685696280601257e-01 1.0079133675193097e-03
7.6786393016044763e-01 1.0060209274584864e-03
7.6886900383392465e-01 1.0041260063820840e-03
7.6987218134776403e-01 1.0022286089622523e-03
7.7087346022796188e-01 1.0003287398792325e-03
7.7187283800519690e-01 9.9842640381848642e-04
7.7287031221483649e-01 9.9652160547057450e-04
7.7386588039694204e-01 9.9461434953402607e-04
7.7485954009627600e-01 9.9270464071172658e-04
7.7585128886230714e-01 9.9079248371379243e-04
7.7684112424921703e-01 9.8887788325589246e-04
7.7782904381590601e-01 9.8696084405957229e-04
7.7881504512599908e-01 9.8504137085253757e-04
7.7979912574785204e-01 9.8311946836846832e-04
7.8078128325455731e-01 9.8119514134736526e-04
7.8176151522395010e-01 9.7926839453491617e-04
7.8273981923861435e-01 9.7733923268273899e-04
7.8371619288588867e-01 9.7540766054838115e-04
7.8469063375787218e-01 9.7347368289564811e-04
7.8566313945143063e-01 9.7153730449397666e-04
7.8663370756820228e-01 9.6959853011855269e-04
7.8760233571460370e-01 9.6765736455085329e-04
7.8856902150183572e-01 9.6571381257829912e-04
7.8953376254588947e-01 9.6376787899381581e-04
7.9049655646755213e-01 9.6181956859621562e-04
7.9145740089241268e-01 9.5986888619062718e-04
7.9241629345086795e-01 9.5791583658785405e-04
7.9337323177812846e-01 9.5596042460423204e-04
7.9432821351422411e-01 9.5400265506232580e-04
7.9528123630401015e-01 9.5204253279019006e-04
7.9623229779717286e-01 9.5008006262189222e-04
7.9718139564823542e-01 9.4811524939724800e-04
7.9812852751656382e-01 9.4614809796137486e-04
7.9907369106637216e-01 9.4417861316635346e-04
8.0001688396672910e-01 9.4220679986872216e-04
8.0095810389156308e-01 9.4023266293126755e-04
8.0189734851966821e-01 9.3825620722279919e-04
8.0283461553471003e-01 9.3627743761757207e-04
8.0376990262523129e-01 9.3429635899537481e-04
8.0470320748465740e-01 9.3231297624227227e-04
8.0563452781130251e-01 9.3032729424906554e-04
8.0656386130837476e-01 9.2833931791312825e-04
8.0749120568398225e-01 9.2634905213696448e-04
8.0841655865113848e-01 9.2435650182920849e-04
8.0933991792776827e-01 9.2236167190341519e-04
8.1026128123671304e-01 9.2036456727953477e-04
8.1118064630573672e-01 9.1836519288249143e-04
8.1209801086753108e-01 9.1636355364353684e-04
8.1301337265972173e-01 9.1435965449851995e-04
8.1392672942487332e-01 9.1235350038922579e-04
8.1483807891049509e-01 9.1034509626371132e-04
8.1574741886904667e-01 9.0833444707513473e-04
8.1665474705794372e-01 9.0632155778127535e-04
8.1756006123956282e-01 9.0430643334745168e-04
8.1846335918124802e-01 9.0228907874178536e-04
8.1936463865531506e-01 9.0026949894102932e-04
8.2026389743905825e-01 8.9824769892434746e-04
8.2116113331475471e-01 8.9622368367888502e-04
8.2205634406967065e-01 8.9419745819595471e-04
8.2294952749606665e-01 8.9216902747211557e-04
8.2384068139120270e-01 8.9013839651066312e-04
8.2472980355734438e-01 8.8810557031850589e-04
8.2561689180176745e-01 8.8607055390967668e-04
8.2650194393676402e-01 8.8403335230212161e-04
8.2738495777964727e-01 8.8199397052050659e-04
8.2826593115275726e-01 8.7995241359438837e-04
8.2914486188346626e-01 8.7790868655846053e-04
8.3002174780418403e-01 8.7586279445262861e-04
8.3089658675236322e-01 8.7381474232212195e-04
8.3176937657050432e-01 8.7176453521893376e-04
8.3264011510616176e-01 8.6971217819831182e-04
8.3350880021194862e-01 8.6765767632156839e-04
8.3437542974554191e-01 8.6560103465615340e-04
8.3524000156968836e-01 8.6354225827310507e-04
8.3610251355220888e-01 8.6148135225109146e-04
8.3696296356600486e-01 8.5941832167128187e-04
8.3782134948906228e-01 8.5735317162281117e-04
8.3867766920445808e-01 8.5528590719737300e-04
8.3953192060036441e-01 8.5321653349369904e-04
8.4038410157005428e-01 8.5114505561569498e-04
8.4123421001190690e-01 8.4907147867143459e-04
8.4208224382941266e-01 8.4699580777435339e-04
8.4292820093117804e-01 8.4491804804437236e-04
8.4377207923093145e-01 8.4283820460466659e-04
8.4461387664752763e-01 8.4075628258517413e-04
8.4545359110495333e-01 8.3867228711996381e-04
8.4629122053233219e-01 8.3658622334838802e-04
8.4712676286392985e-01 8.3449809641511768e-04
8.4796021603915894e-01 8.3240791147053399e-04
8.4879157800258476e-01 8.3031567366786431e-04
8.4962084670392923e-01 8.2822138816854849e-04
8.5044802009807730e-01 8.2612506013581618e-04
8.5127309614508062e-01 8.2402669474108384e-04
8.5209607281016375e-01 8.2192629715849730e-04
8.5291694806372853e-01 8.1982387256780275e-04
8.5373571988135910e-01 8.1771942615449793e-04
8.5455238624382712e-01 8.1561296310861398e-04
8.5536694513709677e-01 8.1350448862443805e-04
8.5617939455232950e-01 8.1139400790178849e-04
8.5698973248588906e-01 8.0928152614569507e-04
8.5779795693934646e-01 8.0716704856592615e-04
8.5860406591948490e-01 8.0505058037740398e-04
8.5940805743830484e-01 8.0293212679915843e-04
8.6020992951302855e-01 8.0081169305604226e-04
8.6100968016610535e-01 7.9868928437713631e-04
8.6180730742521616e-01 7.9656490599736831e-04
8.6260280932327893e-01 7.9443856315441379e-04
8.6339618389845263e-01 7.9231026109332400e-04
8.6418742919414282e-01 7.9018000506270918e-04
8.6497654325900619e-01 7.8804780031599669e-04
8.6576352414695545e-01 7.8591365211135261e-04
8.6654836991716400e-01 7.8377756571210773e-04
8.6733107863407077e-01 7.8163954638633037e-04
8.6811164836738519e-01 7.7949959940622606e-04
8.6889007719209155e-01 7.7735773004990714e-04
8.6966636318845403e-01 7.7521394359985815e-04
8.7044050444202170e-01 7.7306824534163678e-04
8.7121249904363240e-01 7.7092064056840011e-04
8.7198234508941841e-01 7.6877113457567050e-04
8.7275004068081052e-01 7.6661973266450151e-04
8.7351558392454298e-01 7.6446644014033368e-04
8.7427897293265777e-01 7.6231126231504523e-04
8.7504020582251019e-01 7.6015420450174721e-04
8.7579928071677227e-01 7.5799527202142657e-04
8.7655619574343846e-01 7.5583447019755162e-04
8.7731094903582951e-01 7.5367180435961508e-04
8.7806353873259757e-01 7.5150727984073240e-04
8.7881396297773040e-01 7.4934090197948332e-04
8.7956221992055639e-01 7.4717267611762190e-04
8.8030830771574853e-01 7.4500260760322157e-04
8.8105222452332954e-01 7.4283070178755210e-04
8.8179396850867597e-01 7.4065696402759475e-04
8.8253353784252320e-01 7.3848139968301437e-04
8.8327093070096929e-01 7.3630401412022053e-04
8.8400614526548027e-01 7.3412481270775055e-04
8.8473917972289373e-01 7.3194380082130411e-04
8.8547003226542420e-01 7.2976098383857851e-04
8.8619870109066690e-01 7.2757636714340798e-04
8.8692518440160262e-01 7.2538995612295284e-04
8.8764948040660185e-01 7.2320175616982492e-04
8.8837158731942956e-01 7.2101177267977924e-04
8.8909150335924925e-01 7.1882001105359544e-04
8.8980922675062724e-01 7.1662647669798127e-04
8.9052475572353784e-01 7.1443117502077366e-04
8.9123808851336672e-01 7.1223411143676450e-04
8.9194922336091575e-01 7.1003529136480135e-04
8.9265815851240760e-01 7.0783472022628428e-04
8.9336489221948934e-01 7.0563240344931138e-04
8.9406942273923740e-01 7.0342834646510582e-04
8.9477174833416173e-01 7.0122255470843429e-04
8.9547186727220984e-01 6.9901503361939231e-04
8.9616977782677121e-01 6.9680578864250253e-04
8.9686547827668162e-01 6.9459482522593282e-04
8.9755896690622738e-01 6.9238214882199061e-04
8.9825024200514936e-01 6.9016776488838179e-04
8.9893930186864757e-01 6.8795167888541188e-04
8.9962614479738512e-01 6.8573389627799226e-04
9.0031076909749230e-01 6.8351442253620880e-04
9.0099317308057103e-01 6.8129326313360456e-04
9.0167335506369883e-01 6.7907042354817780e-04
9.0235131336943331e-01 6.7684590926058471e-04
9.0302704632581554e-01 6.7461972575849182e-04
9.0370055226637513e-01 6.7239187853115098e-04
9.0437182953013373e-01 6.7016237307268827e-04
9.0504087646160924e-01 6.6793121488142133e-04
9.0570769141081997e-01 6.6569840945992337e-04
9.0637227273328858e-01 6.6346396231512601e-04
9.0703461879004632e-01 6.6122787895732816e-04
9.0769472794763706e-01 6.5899016490066629e-04
9.0835259857812112e-01 6.5675082566375460e-04
9.0900822905907930e-01 6.5450986677006203e-04
9.0966161777361731e-01 6.5226729374477611e-04
9.1031276311036913e-01 6.5002311211930907e-04
9.1096166346350127e-01 6.4777732742882308e-04
9.1160831723271707e-01 6.4552994521043438e-04
9.1225272282326009e-01 6.4328097100673171e-04
9.1289487864591812e-01 6.4103041036525274e-04
9.1353478311702763e-01 6.3877826883496362e-04
9.1417243465847697e-01 6.3652455197086503e-04
9.1480783169771074e-01 6.3426926533099732e-04
9.1544097266773361e-01 6.3201241447646047e-04
9.1607185600711394e-01 6.2975400497338894e-04
9.1670048015998773e-01 6.2749404239211416e-04
9.1732684357606276e-01 6.2523253230507142e-04
9.1795094471062189e-01 6.2296948029043949e-04
9.1857278202452741e-01 6.2070489192827649e-04
9.1919235398422439e-01 6.1843877280393555e-04
9.1980965906174461e-01 6.1617112850638532e-04
9.2042469573471053e-01 6.1390196462752622e-04
9.2103746248633867e-01 6.1163128676429055e-04
9.2164795780544384e-01 6.0935910051527640e-04
9.2225618018644229e-01 6.0708541148501809e-04
9.2286212812935586e-01 6.0481022528056580e-04
9.2346580013981561e-01 6.0253354751242172e-04
9.2406719472906518e-01 6.0025538379620885e-04
9.2466631041396496e-01 5.9797573974955940e-04
9.2526314571699531e-01 5.9569462099532408e-04
9.2585769916626071e-01 5.9341203315734588e-04
9.2644996929549261e-01 5.9112798186662608e-04
9.2703995464405387e-01 5.8884247275537186e-04
9.2762765375694189e-01 5.8655551145965306e-04
9.2821306518479230e-01 5.8426710361984173e-04
9.2879618748388237e-01 5.8197725488070445e-04
9.2937701921613525e-01 5.7968597088694813e-04
9.2995555894912241e-01 5.7739325729128056e-04
9.3053180525606816e-01 5.7509911974709443e-04
9.3110575671585272e-01 5.7280356391173316e-04
9.3167741191301556e-01 5.7050659544774355e-04
9.3224676943775953e-01 5.6820822001809473e-04
9.3281382788595346e-01 5.6590844329264017e-04
9.3337858585913647e-01 5.6360727094190860e-04
9.3394104196452077e-01 5.6130470864184767e-04
9.3450119481499561e-01 5.5900076206978893e-04
9.3505904302913023e-01 5.5669543690837662e-04
9.3561458523117758e-01 5.5438873884305201e-04
9.3616782005107768e-01 5.5208067356168314e-04
9.3671874612446071e-01 5.4977124675801333e-04
9.3726736209265094e-01 5.4746046412605578e-04
9.3781366660266952e-01 5.4514833136494142e-04
9.3835765830723816e-01 5.4283485417630679e-04
9.3889933586478214e-01 5.4052003826684646e-04
9.3943869793943413e-01 5.3820388934362718e-04
9.3997574320103683e-01 5.3588641312011772e-04
9.4051047032514679e-01 5.3356761531119282e-04
9.4104287799303743e-01 5.3124750163532789e-04
9.4157296489170239e-01 5.2892607781407006e-04
9.4210072971385861e-01 5.2660334957283547e-04
9.4262617115794978e-01 5.2427932263874580e-04
9.4314928792814934e-01 5.2195400274494255e-04
9.4367007873436382e-01 5.1962739562426386e-04
9.4418854229223581e-01 5.1729950701616043e-04
9.4470467732314745e-01 5.1497034266125799e-04
9.4521848255422347e-01 5.1263990830276922e-04
9.4572995671833415e-01 5.1030820968825765e-04
9.4623909855409849e-01 5.0797525256915865e-04
9.4674590680588766e-01 5.0564104269745888e-04
9.4725038022382768e-01 5.0330558582997568e-04
9.4775251756380263e-01 5.0096888772669745e-04
9.4825231758745765e-01 4.9863095415169820e-04
9.4874977906220259e-01 4.9629179086732047e-04
9.4924490076121382e-01 4.9395140364608646e-04
9.4973768146343862e-01 4.9160979825721906e-04
9.5022811995359724e-01 4.8926698047630011e-04
9.5071621502218628e-01 4.8692295608107589e-04
9.5120196546548164e-01 4.8457773085225749e-04
9.5168537008554133e-01 4.8223131057429481e-04
9.5216642769020876e-01 4.7988370103292552e-04
9.5264513709311538e-01 4.7753490801772443e-04
9.5312149711368366e-01 4.7518493732152424e-04
9.5359550657712999e-01 4.7283379474036892e-04
9.5406716431446792e-01 4.7048148607057520e-04
9.5453646916251023e-01 4.6812801711630984e-04
9.5500341996387283e-01 4.6577339367942174e-04
9.5546801556697691e-01 4.6341762156694802e-04
9.5593025482605187e-01 4.6106070658944370e-04
9.5639013660113836e-01 4.5870265455912236e-04
9.5684765975809094e-01 4.5634347129166976e-04
9.5730282316858106e-01 4.5398316260385414e-04
9.5775562571009942e-01 4.5162173431826654e-04
9.5820606626595928e-01 4.4925919225752601e-04
9.5865414372529878e-01 4.4689554224858712e-04
9.5909985698308386e-01 4.4453079012125380e-04
9.5954320494011125e-01 4.4216494170528048e-04
9.5998418650301054e-01 4.3979800283666529e-04
9.6042280058424734e-01 4.3742997935334763e-04
9.6085904610212602e-01 4.3506087709427701e-04
9.6129292198079208e-01 4.3269070190236274e-04
9.6172442715023498e-01 4.3031945962309747e-04
9.6215356054629086e-01 4.2794715610334913e-04
9.6258032111064484e-01 4.2557379719464553e-04
9.6300470779083402e-01 4.2319938874925281e-04
9.6342671954024983e-01 4.2082393662296638e-04
9.6384635531814056e-01 4.1844744667517153e-04
9.6426361408961414e-01 4.1606992476679269e-04
9.6467849482564083e-01 4.1369137675887534e-04
9.6509099650305508e-01 4.1131180851971925e-04
9.6550111810455885e-01 4.0893122591610279e-04
9.6590885861872355e-01 4.0654963482021319e-04
9.6631421703999287e-01 4.0416704110494517e-04
9.6671719236868514e-01 4.0178345064571151e-04
9.6711778361099576e-01 3.9939886932080726e-04
9.6751598977899955e-01 3.9701330301268470e-04
9.6791180989065362e-01 3.9462675760274402e-04
9.6830524296979925e-01 3.9223923897728085e-04
9.6869628804616470e-01 3.8985075302364020e-04
9.6908494415536728e-01 3.8746130563329577e-04
9.6947121033891603e-01 3.8507090269822156e-04
9.6985508564421385e-01 3.8267955011431790e-04
9.7023656912456013e-01 3.8028725377747179e-04
9.7061565983915254e-01 3.7789401959005325e-04
9.7099235685309015e-01 3.7549985345166731e-04
9.7136665923737497e-01 3.7310476126805372e-04
9.7173856606891462e-01 3.7070874894677420e-04
9.7210807643052477e-01 3.6831182239465435e-04
9.7247518941093092e-01 3.6591398752437265e-04
9.7283990410477106e-01 3.6351525024893135e-04
9.7320221961259779e-01 3.6111561648304323e-04
9.7356213504088029e-01 3.5871509214640635e-04
9.7391964950200693e-01 3.5631368315862746e-04
9.7427476211428732e-01 3.5391139544059476e-04
9.7462747200195410e-01 3.5150823491901024e-04
9.7497777829516596e-01 3.4910420751865204e-04
9.7532568013000875e-01 3.4669931916882446e-04
9.7567117664849834e-01 3.4429357580097783e-04
9.7601426699858251e-01 3.4188698334770379e-04
9.7635495033414310e-01 3.3947954774342511e-04
9.7669322581499796e-01 3.3707127492566658e-04
9.7702909260690307e-01 3.3466217083445867e-04
9.7736254988155491e-01 3.3225224140844505e-04
9.7769359681659174e-01 3.2984149259512679e-04
9.7802223259559662e-01 3.2742993033686702e-04
9.7834845640809875e-01 3.2501756058044262e-04
9.7867226744957547e-01 3.2260438927753164e-04
9.7899366492145468e-01 3.2019042237751256e-04
9.7931264803111640e-01 3.1777566583400535e-04
9.7962921599189479e-01 3.1536012560379905e-04
9.7994336802308046e-01 3.1294380764136382e-04
9.8025510334992172e-01 3.1052671790908248e-04
9.8056442120362730e-01 3.0810886236447055e-04
9.8087132082136752e-01 3.0569024697157899e-04
9.8117580144627647e-01 3.0327087769675774e-04
9.8147786232745415e-01 3.0085076050370880e-04
9.8177750271996778e-01 2.9842990136256419e-04
9.8207472188485401e-01 2.9600830624324371e-04
9.8236951908912051e-01 2.9358598111996258e-04
9.8266189360574829e-01 2.9116293196278529e-04
9.8295184471369279e-01 2.8873916474828515e-04
9.8323937169788589e-01 2.8631468545669371e-04
9.8352447384923813e-01 2.8388950006377387e-04
9.8380715046463985e-01 2.8146361455144497e-04
9.8408740084696311e-01 2.7903703490350992e-04
9.8436522430506368e-01 2.7660976710296549e-04
9.8464062015378229e-01 2.7418181713792701e-04
9.8491358771394677e-01 2.7175319099449687e-04
9.8518412631237351e-01 2.6932389466108596e-04
9.8545223528186898e-01 2.6689393412993419e-04
9.8571791396123154e-01 2.6446331539476032e-04
9.8598116169525329e-01 2.6203204444636688e-04
9.8624197783472101e-01 2.5960012728564494e-04
9.8650036173641864e-01 2.5716756990644055e-04
9.8675631276312814e-01 2.5473437830971966e-04
9.8700983028363154e-01 2.5230055849462913e-04
9.8726091367271218e-01 2.4986611646364733e-04
9.8750956231115627e-01 2.4743105822324474e-04
9.8775577558575489e-01 2.4499538977439399e-04
9.8799955288930474e-01 2.4255911712683088e-04
9.8824089362061029e-01 2.4012224628705231e-04
9.8847979718448487e-01 2.3768478326575274e-04
9.8871626299175230e-01 2.3524673407404107e-04
9.8895029045924832e-01 2.3280810472531917e-04
9.8918187900982202e-01 2.3036890123342562e-04
9.8941102807233738e-01 2.2792912961206859e-04
9.8963773708167446e-01 2.2548879587839065e-04
9.8986200547873082e-01 2.2304790605248251e-04
9.9008383271042311e-01 2.2060646615319871e-04
9.9030321822968814e-01 2.1816448220365338e-04
9.9052016149548483e-01 2.1572196021989984e-04
9.9073466197279447e-01 2.1327890623206854e-04
9.9094671913262311e-01 2.1083532626304654e-04
9.9115633245200230e-01 2.0839122633920965e-04
9.9136350141399066e-01 2.0594661248484895e-04
9.9156822550767465e-01 2.0350149073401942e-04
9.9177050422817048e-01 2.0105586711496314e-04
9.9197033707662507e-01 1.9860974765707531e-04
9.9216772356021710e-01 1.9616313839502668e-04
9.9236266319215849e-01 1.9371604536212397e-04
9.9255515549169560e-01 1.9126847459241170e-04
9.9274519998411004e-01 1.8882043212190241e-04
9.9293279620072039e-01 1.8637192399025012e-04
9.9311794367888306e-01 1.8392295623283133e-04
9.9330064196199330e-01 1.8147353489219253e-04
9.9348089059948663e-01 1.7902366600742675e-04
9.9365868914683986e-01 1.7657335561822071e-04
9.9383403716557184e-01 1.7412260977240479e-04
9.9400693422324526e-01 1.7167143450775590e-04
9.9417737989346688e-01 1.6921983587510898e-04
9.9434537375588927e-01 1.6676781991732911e-04
9.9451091539621139e-01 1.6431539268443486e-04
9.9467400440618003e-01 1.6186256021997973e-04
9.9483464038359037e-01 1.5940932857534117e-04
9.9499282293228719e-01 1.5695570380185207e-04
9.9514855166216598e-01 1.5450169194795670e-04
9.9530182618917362e-01 1.5204729906715514e-04
9.9545264613530948e-01 1.4959253121436304e-04
9.9560101112862653e-01 1.4713739443799958e-04
9.9574692080323179e-01 1.4468189479760826e-04
9.9589037479928766e-01 1.4222603834835695e-04
9.9603137276301268e-01 1.3976983114530886e-04
9.9616991434668234e-01 1.3731327924645795e-04
9.9630599920862994e-01 1.3485638871119456e-04
9.9643962701324762e-01 1.3239916559818873e-04
9.9657079743098675e-01 1.2994161596724486e-04
9.9669951013835956e-01 1.2748374587414480e-04
9.9682576481793883e-01 1.2502556138688689e-04
9.9694956115835953e-01 1.2256706856810217e-04
9.9707089885431932e-01 1.2010827347788800e-04
9.9718977760657945e-01 1.1764918218003187e-04
9.9730619712196500e-01 1.1518980074058024e-04
9.9742015711336629e-01 1.1273013522043122e-04
9.9753165729973892e-01 1.1027019169530770e-04
9.9764069740610528e-01 1.0780997621822331e-04
9.9774727716355416e-01 1.0534949487247966e-04
9.9785139630924269e-01 1.0288875370851417e-04
9.9795305458639560e-01 1.0042775881227300e-04
9.9805225174430723e-01 9.7966516240050847e-05
9.9814898753834103e-01 9.5505032068992835e-05
9.9824326172993094e-01 9.3043312363824121e-05
9.9833507408658151e-01 9.0581363199307956e-05
9.9842442438186862e-01 8.8119190651369543e-05
9.9851131239544044e-01 8.5656800780331064e-05
9.9859573791301715e-01 8.3194199672983297e-05
9.9867770072639239e-01 8.0731393392753103e-05
9.9875720063343321e-01 7.8268388016015914e-05
9.9883423743808086e-01 7.5805189613079791e-05
9.9890881095035100e-01 7.3341804271499336e-05
9.9898092098633473e-01 7.0878238057795923e-05
9.9905056736819875e-01 6.8414497047214652e-05
9.9911774992418589e-01 6.5950587314415191e-05
9.9918246848861558e-01 6.3486514945467975e-05
9.9924472290188471e-01 6.1022286007403788e-05
9.9930451301046774e-01 5.8557906581808717e-05
9.9936183866691752e-01 5.6093382752874283e-05
9.9941669972986602e-01 5.3628720591615520e-05
9.9946909606402479e-01 5.1163926182786516e-05
9.9951902754018596e-01 4.8699005608636876e-05
9.9956649403522324e-01 4.6233964950346186e-05
9.9961149543209316e-01 4.3768810293843123e-05
9.9965403161983679e-01 4.1303547721317880e-05
9.9969410249358204e-01 3.8838183316443510e-05
9.9973170795454680e-01 3.6372723175118567e-05
9.9976684791004389e-01 3.3907173392639120e-05
9.9979952227348856e-01 3.1441540090346563e-05
9.9982973096441019e-01 2.8975829362822982e-05
9.9985747390847179e-01 2.6510047399999363e-05
9.9988275103750490e-01 2.4044200351574424e-05
9.9990556228957139e-01 2.1578294508378075e-05
9.9992590760908551e-01 1.9112336349474005e-05
9.9994378694706865e-01 1.6646332633791608e-05
9.9995920026173080e-01 1.4180291101750144e-05
9.9997214751996788e-01 1.1714221854585062e-05
9.9998262870186239e-01 9.2481427453606691e-06
9.9999064381761904e-01 6.7821043911988547e-06
9.9999619299844178e-01 4.3163660092521648e-06
9.9999927746317030e-01 1.8542626342301962e-06
